703264
-435819
287629
432196
936709
-773316
638831
51866
-255102
-91279
523081
544930
-288652
-466728
72808
991759
706822
-407382
329173
592805
-842900
138527
-953669
-374986
547433
276349
853347
-843659
-412203
104856
352871
565053
783375
278386
39439
603492
187819
-756232
80324
541197
-77582
-414316
665527
219381
-443275
-580039
32270
863168
-226929
-503799
277211
239229
903864
-685321
985461
-432612
796126
649959
206375
-587761
-253939
-104872
485420
-180788
424379
-407378
-636356
-179416
664463
-398174
-815811
-491851
-742865
718500
-964433
659261
79924
-173628
645456
-128618
137721
42926
396762
-100144
-373405
-715772
46347
-785667
320586
690187
-251536
-820563
-587102
-713364
226373
638913
340376
-385077
-593000
275080
33331
-582478
-223122
510555
347807
-502389
836193
994049
-76288
704690
-688969
816546
-476944
574739
-912031
237112
979901
-945160
427682
21910
546341
-624922
-823181
945048
-798579
50500
-672482
-87010
750469
483567
93108
941454
-613311
919292
-561810
721794
23178
-798691
380812
19163
136756
83399
-668219
-581051
546702
485170
515546
-409964
842488
-994037
100566
1078
-713839
-852023
-208300
688834
-417947
-423129
199126
-699282
-615759
-471545
65920
-419966
168479
737134
-947911
805844
-83173
672719
670268
734430
-74516
-7440
-616433
383591
671238
833274
-796823
170639
578500
-867291
932976
332488
-765318
351765
297694
-781971
-587651
-221179
-378
-786179
-594470
-227476
818505
-851007
-87710
-306559
976388
-829725
-824805
-259567
428385
-528418
-621999
718220
-950422
-485256
546776
-439652
-689153
-422066
-266082
-7725
-620487
732047
644783
-383920
303643
-786014
-57197
404467
-172450
-123668
746089
-887554
-303007
-611754
-911148
-577463
-638163
897691
-968197
151517
-712188
403698
418275
-579362
-328874
-68587
584195
163984
-125386
-878418
712226
676973
264199
-622897
472786
-868077
-414193
551831
-836952
-836917
-966895
-37229
-797356
38500
-44190
-971253
151871
900114
594489
-597733
669915
602196
461162
616826
-585678
841910
-349970
555064
-673889
-389857
-241143
-211175
-90123
-414917
-488986
180197
-259853
653966
-306333
-388105
62577
470565
979647
-175373
881608
82899
-310889
910281
-960155
821939
853561
-469116
867894
690277
707220
377807
-776995
669785
-330126
198009
498251
-507747
-13932
329114
-979880
-615817
-152073
-690047
-150353
-510829
-838577
200857
363149
168816
637058
-606301
767680
883225
285732
692539
662427
-114558
691553
-555209
415021
-188870
-879172
363138
364792
-138484
289948
344655
-355213
-398152
-965853
-469064
-955388
32397
-455519
-762747
-486479
-274723
400052
-395071
-656342
248000
322947
3138
-586930
-411987
309069
-421494
-756433
-795080
700438
152255
116971
886957
315534
-561558
978398
-455406
63415
702882
-734632
904457
-168781
405883
509142
735384
351423
808289
-860128
308944
994568
924694
-355962
-719418
-131294
-156452
-460880
-765440
-230403
272685
-887496
-869143
673941
-594307
-713651
295905
126454
-68399
408098
-437345
206974
553470
797272
462040
-798154
-24982
-598872
98168
-617194
-106342
650155
-343725
-726932
769683
291294
895201
-43388
-767642
925152
643111
-267077
513884
966918
857832
-325452
817981
-521540
782298
-123411
-405184
-617246
-256456
649951
-931444
-952287
551968
-430279
-304136
-279747
57316
119620
867099
250406
-12375
911738
-587577
860341
-1681
-502672
-443976
796662
-454523
-320038
-136382
729333
17726
-230190
-501323
-747243
-728573
-800705
132154
-480675
-772526
-514338
-32974
273941
-462756
-321216
156964
622146
501020
-684803
248183
424972
528877
-547581
-305456
441803
296686
648277
-43440
864367
-477271
779956
804360
389932
565438
-263119
-9297
812747
580175
308410
777774
991594
189882
875819
-430966
-942131
-915728
338861
45608
-281857
-970183
-472075
-680521
16309
115847
-419036
-196125
-574719
884338
-510050
404196
-194355
-858934
972356
-92889
-324721
716340
573740
-145049
-190756
-479301
-994615
990125
903044
949501
-543225
12665
-479353
-107927
145154
-71153
27058
318499
-864036
-727001
55233
877244
438747
-747312
649877
462008
590729
156950
682287
645303
559748
329540
-578479
948208
-902782
-663448
-781789
-614128
-133688
101765
131861
-31327
-319312
588665
491663
283932
-297905
621964
-780343
744640
-65803
44122
987665
936919
-357067
-491517
-164051
-479147
-41466
-222378
119297
633793
-143701
-587204
406907
-107645
-85210
-319818
-264545
-627355
499708
156716
974520
393200
941946
-139352
-868045
548532
939678
314650
-240340
-45858
41554
-559754
720505
602122
-800243
6012
120327
129679
-968343
767755
-481369
963574
-324293
-147107
-215214
285777
-274960
-165324
-198729
397253
592342
-63605
-534453
-52109
729193
603698
-349587
287387
126003
-467162
-277710
350608
753874
-731479
871809
-500636
999764
267551
-289301
-493463
163979
-560976
742076
346577
-959125
446111
-764250
49037
795949
143952
-730609
-140584
599433
36483
-904841
-816578
775870
150203
-437650
-626984
506092
-586692
764547
657132
-757836
31613
296836
514956
153933
541487
-412986
624698
699785
921204
568652
-964593
-847069
865340
311804
524565
-994231
288418
713636
-500862
860861
915711
-959008
-15842
-611290
-910419
-10199
990227
580783
-393726
-687818
576131
823093
757473
-957503
-668061
-68684
765336
657685
-961426
-504713
-461088
565353
446823
903737
357995
-775754
833317
721100
268376
412164
-637784
-438570
-246552
727769
-740616
-629240
-852825
-780780
505531
-402130
929487
859063
683815
-571667
436176
731120
68216
-651505
-451254
809932
-151870
659850
-995576
918116
-475587
16194
-839491
571089
-598236
-900548
176481
609915
659224
739532
128604
188903
288711
-966094
957859
-516582
483376
484496
-744268
217999
384086
-172898
904248
402720
524346
-591358
312017
-194185
294033
-642195
-145065
275514
-417138
770407
-668620
357628
597557
-559896
-86211
339310
-749236
-798085
-128281
363619
751862
22998
698287
224943
-911107
969693
-225813
-584556
-822828
434115
-791092
80761
-135057
714606
577969
145168
817889
-817869
-829098
614926
878799
-375629
-981933
-913414
-526531
-361000
-555877
-959229
-270432
388957
661475
-962678
-644616
759927
-514895
-392966
638711
-760177
-246748
-944460
-591765
-678179
-74871
415844
-186085
360154
-981576
192831
487487
-891973
606331
-400010
-763262
933312
576157
284414
13187
942400
-774909
-757407
-767339
-456125
201114
-970837
426509
-593069
-655104
883738
470871
-95026
-874405
22070
-191795
-539016
866332
-631556
-94753
-900033
603477
-629871
574932
997801
-603724
17399
-876358
741252
-98990
-311773
-863292
985443
646897
-983902
-385794
-773324
32174
343051
126917
-923527
30725
-935356
826951
628436
456084
-36706
154290
-90724
942304
590114
-159645
-833837
-110529
-433045
204553
-768879
-22158
-16588
96132
430588
-670841
-805157
-587077
-799432
-637070
-48372
-990666
186220
67773
811406
-303377
-908476
-699847
-929643
-636778
-810423
-493164
964608
-108329
-724473
-689781
476860
626915
-368171
675710
-497713
-799618
-857898
-641071
-519434
-670937
-76406
-533207
-212837
69574
424094
463328
-279134
73635
-631967
-250660
-71269
-690268
869111
-274509
-776565
-247935
735345
-13809
-775263
-142813
896768
629177
-41192
-174770
557938
-88650
16162
484204
620054
848483
794299
779591
-137304
-121851
453270
582402
-120436
-744757
-588439
167540
582850
310230
-713841
-402662
855852
546826
-236267
118930
-634618
868732
554465
747530
-714084
803695
236837
465826
463295
-485555
937626
740056
139802
-550614
-684207
779400
-451217
935153
-12586
-623198
-62148
-111769
352902
627775
397296
-177103
553719
915578
542498
422025
658190
265492
531191
499347
-272796
604831
810802
-120108
639913
-410979
-483643
965764
219706
590206
-777364
-970571
-673998
125703
467218
926853
695784
739390
-443626
785238
-794995
-748232
511538
-395097
483171
-223133
747226
939040
336636
672074
-782769
100238
-598384
992429
556300
502930
-79758
464976
151074
185058
-423490
261872
24844
469163
171081
-850624
-307771
382620
-211600
227381
-403319
-901586
-313998
-156246
818947
786045
64969
-516270
421412
-91962
-894023
-792563
84490
-999993
297637
582844
-290121
-974403
51771
-626896
131639
-116797
645540
45627
-560151
-64094
-462720
379477
145614
-687269
-300010
375733
568765
-265257
752132
292861
379574
202792
-606810
-249377
862613
7339
21373
-188669
-613675
976412
-924368
369833
775681
274941
714146
-839179
910006
-344782
-666021
604340
175252
-573466
77800
495166
764555
-700596
-534253
-416526
-706310
403339
845365
-783301
515860
151887
826938
-209453
16082
193602
-888362
-964305
46101
7988
-295168
800834
-580153
-528205
-290983
89435
-860753
-53864
309640
955339
250788
36992
-10824
387681
68800
-118805
-132940
-233251
-429030
-952655
-426135
-166070
-956949
934018
-315217
-675538
-284255
113419
-112321
-867029
-584879
-78904
-456299
63904
-52867
-259439
-245905
-813219
-516587
630803
575797
-725642
797941
-371584
-872317
-66448
-561385
-803614
989201
842390
480308
405253
-886407
654097
935535
351491
290087
-825294
-545864
-637064
73339
-760291
-386483
-391865
941001
-162362
871009
819989
-526833
978774
654522
-175735
-452815
-938264
116274
-63887
-684713
-233172
105168
-421306
-251022
601694
37764
-27940
-274304
19242
-578188
638442
-971423
-353020
-936933
-933332
247281
375171
180377
-59718
194993
-390819
-116355
-24831
690963
-721796
-919437
732142
-396930
-324432
-19531
130940
-229576
-994719
642916
34188
-164066
-12636
-987900
339819
-422035
497219
517999
106415
965280
-284671
-201009
-753086
639803
948512
-303306
-607364
401564
38680
-198392
-216245
-905690
609010
-656805
394371
-304637
-739682
257805
732634
571960
-356865
-863562
-116759
-240678
-989148
-82899
80664
420993
397737
-730919
-431361
764446
-446120
-251545
-904150
-664933
-369795
-463818
-506866
363682
532005
605516
759171
-912613
-713065
135170
-287509
-396570
317405
-231909
-915758
-361493
321118
-424346
864309
-744351
-866780
-33499
-170930
583393
406571
455014
-978413
765647
779855
-833811
628022
-255602
-819341
-1925
595478
-170714
-467359
262993
947313
-234385
213395
176752
432031
-862540
570439
-268827
370100
-448345
6404
130703
-445914
-297343
265349
129472
213185
-87469
-148429
-397673
340079
-54298
688573
-674547
-135294
876287
458333
-311766
43756
280283
945111
995561
25381
994432
484610
-857911
428867
-242961
628624
-456185
-59975
-497984
417633
-89193
177262
-747714
-927984
894577
750887
-109843
759659
209071
-155122
241187
494664
756380
-307685
721197
387645
944496
-368548
-276130
-701196
182715
655916
-363263
-371844
501756
-910958
257966
-262735
188070
-555831
409429
-687416
-143967
240533
676323
816950
269868
672518
-346734
776408
503310
-14194
81866
562419
-972319
5561
-220799
-283951
-607689
366265
291627
-788403
-146920
950190
-914297
150003
461271
105860
-304701
-175941
363125
397714
280978
-757055
-397449
-586857
-343086
83127
249592
-151935
389916
884462
-459371
-708767
-699568
634149
629010
-510032
-786141
-165549
936904
93988
-471070
-987108
-135890
620861
22164
726804
-579244
219764
-852221
-627102
522428
-22082
569568
-701562
558702
-823525
182348
773174
-975774
-384553
-673399
212694
124226
-362069
671206
177859
-555852
-627228
365013
80175
111179
-502805
853398
-920838
919551
-676784
64719
-768756
-870027
-112283
-612226
-484887
-618327
-849739
-613101
-239498
-655578
471951
-986756
-471976
-73329
-655157
976470
486663
626785
366146
-945483
-407178
212061
-549636
-887153
490060
373659
-575099
-920950
77672
577195
-745863
-809558
-955339
-755700
703123
180326
-441044
628661
-934839
-315337
255664
716508
-428739
-465835
156053
-622805
-812463
977490
-853394
-467927
706497
-520741
-551877
271500
-536678
-253261
230112
-418224
-34855
517340
602279
227396
-960216
767390
123144
-385509
-848371
-494884
674034
-233320
-739872
248329
-82332
-776305
282897
-451034
-666428
-308532
176526
-439957
503912
107239
223530
-950896
-243115
987038
-219074
124031
-932807
585196
560604
119689
285080
998616
853311
59294
-209224
206184
-401571
-644546
228672
-960026
353154
-902975
-948829
759824
-225838
-249190
800414
92715
-354561
365160
63635
-111710
842227
788472
-797827
364361
98320
455755
-646088
700017
-543643
-671442
624733
-858037
-348013
-114139
124883
436662
-483913
457215
659899
-464511
-126114
-439715
11885
-100001
683012
-175683
663266
-602590
-276181
-43634
831399
-566380
710966
841320
-150213
305690
-833035
458786
-875390
-632059
172993
237388
-85469
586189
584819
519377
-253645
-447010
-357569
-782228
542546
766169
856604
828544
356676
-47851
-35157
231942
-14612
-236966
282044
672309
-330621
274377
240381
504508
61358
-590298
626847
-375926
-358147
729794
129865
-647328
-800241
702044
-925846
-565330
395817
-195899
438679
-445423
374792
470318
-693709
835246
-716126
226609
-700919
502196
-879805
204249
135335
-327013
-467083
250642
236104
593403
778077
-566531
753287
182614
770895
818994
-719927
425227
-395514
851635
-398907
500392
223108
814823
-810450
987045
-537576
-723480
-883595
-898849
450532
-675658
618180
-868790
989910
-884347
-975221
-743046
746028
-73855
78693
-821103
296179
-829413
-684937
971119
476216
938968
189841
238437
-618061
-247084
461907
68791
287740
305470
653978
304073
-687820
948794
494675
438682
-217831
-598340
-864992
509483
737000
-886143
-256587
511243
-985977
770598
577712
631215
278368
98059
-874610
-413345
-201877
-208274
312080
439778
-9003
-8942
-949664
653501
808721
118851
-934909
679603
-985803
983242
-362105
-147320
-60518
-844817
-946378
148644
-42248
674534
205977
68081
-675862
371800
-355469
205583
-713413
-668686
-437693
-929402
994164
72029
-542616
-693412
-33811
691643
878552
523967
767013
-98331
767808
607471
753719
147336
116563
-250046
-253007
-994186
-231227
507822
873337
-263719
-702341
128442
-129653
936519
-855021
-260337
-433175
-89963
896208
-440560
-465536
-532806
143244
46141
538152
405852
-198786
395344
-978055
-338744
-628417
522471
-301291
-762546
613267
-109263
790776
547530
-195949
-480972
-847665
-655704
178959
958795
101072
774811
-474729
-279852
-734427
-159843
-746186
-897782
-270776
-757898
382769
-914651
-30046
216017
225432
169225
-20203
759252
-55532
-357688
-407564
895615
-151004
-174017
629716
-768558
694616
477189
-241188
400557
375511
204815
306834
238095
718269
-279318
624099
-857793
-558682
-258874
861689
603369
-68435
-723892
395170
625162
-590183
941761
368166
-806264
279076
-15018
-722023
998754
987339
-380490
-233719
-652929
-240008
504889
-202189
158713
522930
-749346
995278
-128075
844100
-207205
-956672
-643275
-920946
948951
740376
593520
590326
969062
-170674
333385
820831
-204462
447702
590769
-895238
-745985
-243218
913728
-201214
-298141
-929253
-528428
461200
273251
699365
540665
-782225
826734
-106636
268325
-395211
957441
357176
899830
911370
284805
-952912
607705
607354
-407082
611067
-480860
312007
534055
-661168
-245826
-635299
692283
517037
496256
791172
-762790
543926
827867
293345
332073
891584
-137307
-957612
-339148
898662
635529
-664818
197704
-21118
511736
99278
-269292
18419
561249
-797108
70415
265470
545479
-526060
-930197
872677
-228041
-976903
741732
905260
-931522
-393996
589615
276288
906191
-619030
-303655
267968
-783710
-358771
872720
128352
-176284
-486959
-836312
-431765
367287
439842
-86490
-564193
2490
715098
-609173
-678651
-62968
579862
834681
737316
-384659
782859
-875373
-297711
149200
-913834
-147065
-375428
-108599
-509540
27786
-447258
246431
-219414
795921
-815184
-56397
249102
-283253
-579063
-418103
-67487
670357
-315388
136002
331471
-290132
560582
-146536
808724
433127
-849900
-403513
385324
908843
-419856
-738659
-619850
-31721
-261838
-808789
137787
-321074
204319
-1772
700724
-496810
-383753
-618403
-436939
-952367
210841
253034
-188562
-932805
-834920
295115
623846
593972
130736
859669
728691
-638349
807477
-93886
241824
804527
709255
576203
-904458
937981
249468
708091
-587721
-910815
-728646
258585
-658889
-876719
548720
-429660
-30603
793542
-186548
-716852
-397509
695613
-563131
660994
833142
957390
477741
-191110
301399
-185591
960988
-20024
-702534
749335
336133
-897716
-926131
720296
-786696
-657486
-122107
95170
950150
-895296
-131728
-366612
414753
-518788
-653200
-768470
-738948
99356
503115
-665840
435738
219648
509269
8738
-881197
-73004
676534
-667009
-301903
-83501
-762088
378599
-111736
278536
516531
702803
-394180
953288
-676425
-660361
662306
133203
760964
-800511
348610
-357467
279885
-499635
-738737
-286957
814779
303202
-570615
91688
534050
505840
-675594
270212
224684
393687
769089
828442
803459
588573
27043
444824
-12857
920638
-226199
908534
29158
-183379
493488
409987
-418770
-633846
345486
-965888
556978
706177
-950107
939813
-480535
696336
-27057
-605041
265724
80486
904256
-871435
651460
59672
227492
-172828
53426
124632
392688
-729487
6798
-212775
-440593
337957
315595
812848
614841
-242469
538421
72161
-801023
-526477
871606
218659
333152
-123463
-376898
-4022
840162
710773
862444
647421
-926033
680675
441846
-513886
78934
883186
-261518
-543978
-724577
81789
-13834
795007
-780124
-901426
513994
-42853
45750
173458
-358878
656031
-926187
-349388
-581358
-708044
-568546
-242875
27142
-910364
128887
-378746
847616
-238501
60281
342961
-897620
417926
810656
465796
43873
-312626
-870622
-223633
940830
603426
-581818
-969575
-828647
-71763
-616283
11328
64446
369527
-519169
-914451
-363342
747095
682329
-456312
162174
-381507
-8265
645732
-614608
-472511
660473
394618
-722623
-217899
421644
-295543
90856
592370
82261
-549646
818489
593746
48350
-874948
-212676
539894
500746
-876032
686589
-983642
158504
-124709
-627659
474036
630886
-800229
653714
-114901
-155200
-556082
763767
-593184
339690
66053
329876
-476912
-224073
189593
370214
-908733
660950
385267
959987
-688629
-148030
-315061
980384
-370006
-806630
14115
-913216
225189
-593180
-291936
-720891
-342612
594828
291937
-527307
255961
512480
-427902
948335
-562465
874410
-580602
837105
336486
-737252
897760
-369344
172628
42722
-155599
757206
-879483
392495
368470
638221
-579453
-896040
417859
718834
-131575
222826
265462
756116
-974900
889659
-428779
532739
496005
444508
864447
-243462
-808182
-468279
-862136
731157
-854839
50840
-298892
727056
170924
-892391
472642
-575777
-535311
-603965
18433
163118
-793431
-960689
607495
-42509
544334
981676
968343
469385
-683888
-342797
41523
188758
917015
947362
-930302
-24501
-621095
-997239
-867135
201800
238715
608213
-877941
-956523
801397
771736
930806
-160061
180796
-400086
744090
834454
28001
-662044
-559001
-50215
201991
-552484
409970
518803
597794
786265
789979
791913
-393167
504327
89644
-389708
533935
-87978
992931
11404
-702555
54700
28329
678042
499850
-725518
961293
115933
-169852
128202
-80679
436926
179569
-265121
323477
-445348
8526
-727246
-932547
-293649
914407
-106652
972824
37057
283536
-606554
-619198
-365954
-218786
-589263
-959549
-118894
259044
948316
708889
204626
688794
-948931
-586384
157886
596908
-592920
474069
-820529
586519
881529
858041
290398
-366235
83471
-335402
148541
955918
-918577
-207050
-144356
306662
106549
499097
195754
935110
200749
650021
962704
-518202
-474062
541581
-199631
-575614
93740
-255447
-394713
-878943
-63903
-811116
630588
-544729
91375
-939271
653437
75697
913917
633972
-788231
905816
-517293
555769
-93615
763505
-240014
-661729
-249555
532298
-530326
-213294
794063
-743497
-965548
574027
578010
-691533
341034
-825910
-561282
-387668
-997542
-804432
688376
-773842
-377484
-730303
-575817
512684
405613
71172
-508707
414322
-645080
-193822
197375
257354
-83709
290471
-557053
-5171
262449
51891
875658
-72622
334675
-474262
265990
506247
-736089
669108
-365116
-886766
-592711
702984
-797001
-658844
-995938
-448805
-247781
-300526
-725007
701988
-160467
-912066
-671251
795010
945232
-576155
-321927
-340057
592964
994941
-486969
534908
319141
524963
65595
948325
-111384
-778282
-318411
94105
-503486
-66453
881698
-157343
400502
205251
-743533
382380
-630634
17003
-822097
-21430
238401
886318
-782206
614791
323795
847367
-963774
-815115
755283
837208
-318149
-16778
-526855
160389
-493581
266104
-95268
478750
337859
953166
470339
-383871
49172
-563795
-979418
-678406
-723177
441803
-143691
742185
92151
403016
-65788
623302
-761858
-239749
-834246
922867
135970
653871
327660
-596484
604735
42453
-218507
9611
472852
-630576
469616
430081
-451597
-54312
-438360
586901
-415027
611251
123588
-455849
357426
692430
-13473
924279
-999621
-465234
905158
767737
-104275
-138406
-879240
424435
118605
-905834
907762
-390928
431021
502181
-816239
-974539
882803
548189
673242
-830953
-264064
-821145
-804842
815342
634257
736338
783402
322972
-625779
-94777
964881
-724341
-89876
984742
580127
990568
-572201
-996981
257702
147337
-268716
989633
-870511
991666
589352
32891
-785597
948447
-353382
257359
836481
780696
149177
-916220
-903395
-848784
-388767
-244655
-972184
675864
566647
-612096
-381639
734671
565848
-842829
28245
-791140
-414947
-591441
983724
-157342
207619
-909413
342351
861796
-982182
-861247
-383351
759682
-995462
226722
-764151
401941
-433319
598612
657038
5386
334341
-1204
-70859
-826212
160599
-942435
-934593
335924
-744654
-181533
-51482
-145409
338062
283999
224391
171838
-289091
949282
86295
392765
498286
396401
-27533
367163
456679
-509177
-182536
-730182
447632
-173041
268594
-933458
-809490
897658
340215
675214
956697
502944
197619
56231
-373478
-961346
-95383
-657439
-300399
524734
-854296
740379
553654
680870
-388704
909443
-819029
395517
4003
-78212
768515
-435198
638556
888337
132718
-83630
-571012
701271
867865
-585165
-373056
-963240
150249
706651
-144196
-902814
-641704
-69275
358341
71752
-33720
-92790
-124403
-150275
922167
-61409
572976
789855
-668948
234645
-137857
950038
450444
-579104
-552027
-350555
732645
-610791
-877359
616542
-184184
850914
-535719
-560421
714776
-85938
-617284
279442
-825195
575937
189011
72497
-543160
3645
743724
-635782
249735
706102
259600
-779249
756624
-283597
-693832
-508629
752672
313028
-377733
-623849
533696
-254906
-391411
174669
-978965
-673376
973924
181464
-931308
-968490
-937845
-140054
911716
-238427
508475
-902604
744953
205536
560858
-929738
440176
863918
745727
299774
-694163
-799656
-362812
335395
-805603
-45262
-967633
-876600
701154
-44957
-77164
355396
498741
-244958
-328911
344090
-302647
644578
810679
-251376
-118180
520119
8926
376114
-926203
-185282
28242
494956
-560770
329206
-823755
312609
648424
237063
-124066
-297217
645275
-33470
931882
849349
-897303
287935
-11096
286081
-54931
255311
-16084
-405503
230175
254899
-311300
-268758
767108
247099
-337040
194404
-949637
-503849
271212
-749659
-721848
-38410
357920
297306
-293473
743835
357931
363099
-648155
613766
-201374
451899
64112
-666724
643079
-202300
33946
-536676
-547418
-924411
-882166
-45094
449165
925875
2574
211107
765493
-4149
188660
512714
999486
-483088
-654151
676243
578247
-287630
56519
-959906
647938
-588589
165086
-714773
-131191
20585
-864961
889607
-140495
-478487
450541
6118
-502493
-419110
407534
386085
-941630
169704
736480
-816961
-503662
-752541
606787
330876
634605
-662330
-689099
119537
-90858
855576
-485403
316703
921191
674669
-862422
-861565
120042
11548
-705624
774006
460019
-619515
-885137
-792255
853468
-8588
300688
508084
-150327
-280894
747827
-774151
733598
203816
295008
-277003
-956127
64337
83726
-383935
443642
97370
-436490
25711
597865
94394
-33285
185355
-279182
537741
385607
425037
-413867
747105
-452354
-775043
223868
-758164
468615
31419
693552
-203314
-294587
797111
286927
756513
78351
-96380
-336896
762708
265810
529144
570085
-555858
-669803
110589
-845616
46163
923119
910379
-177950
-620013
730342
383440
794106
737406
-467827
274780
-652428
460989
355294
-293766
-645243
233575
385185
-555818
279229
-714903
-486958
-952004
-729641
981253
346533
39727
238418
552065
-754027
-528872
-389215
-647368
-929082
486329
587584
-607134
-740826
-559646
-314459
-188227
-315771
-537522
797929
843711
815719
544740
-382809
882382
-771990
601333
-457613
272593
-605387
406527
-906978
62720
-482355
435546
172237
125715
106743
800154
-244821
189001
545455
-721885
508771
-900402
513306
458099
-446122
-931947
-930785
829679
-689171
-599739
535432
-422609
804353
-207286
790484
-377161
782566
982245
-136105
-864812
822719
842522
620239
516846
-447291
959071
-954961
125058
797458
-720532
-67849
321989
726658
-143085
-168074
968047
-749899
563402
-953619
487001
453628
-277894
777140
242364
410726
-879066
-527999
-336859
-329181
-128693
-957444
258140
-678235
-882564
-935000
694846
544630
70831
-971679
-71923
212698
-202984
938110
128355
-614812
-797432
-654214
240014
82658
-210372
-500357
226754
-764775
527134
-24746
864200
666428
909556
340942
850800
822646
-260323
-180478
905828
-732457
-818762
-453524
-630394
-756584
-885308
-28890
-874785
-41609
893484
612808
-366419
771052
-141423
412964
-739486
-453428
-820949
-949389
190480
-36593
-242839
90881
-287098
-409539
610718
37656
440767
-267787
865358
-88283
681835
-358929
904515
-460295
-958922
762036
756721
354036
986934
728662
646768
-653773
-350344
975868
26329
646349
-840919
81568
-876427
910582
627230
184574
-599605
831910
-110193
5290
441300
328530
-245632
918108
-907132
-767336
499773
-364210
-111619
866197
106366
-463508
-981648
-380838
-634863
-435441
408140
994010
122964
735550
2879
-242567
678029
703373
-104847
-732338
-612258
721947
89930
80687
-509702
-937240
-593443
894952
-371144
476772
-471718
-772946
918854
56073
-485267
137761
752731
-649792
877330
658701
188063
-181927
862208
155683
972889
-405801
-263482
-512084
-395962
612749
142883
-42637
-567086
473480
565602
798630
-714839
-329812
299091
293118
599258
607906
620047
76206
45461
925414
-426980
-192947
-442919
-185309
-763871
883683
781395
-609099
271310
-340651
-285571
-784819
-833934
-871105
-309494
-422136
-388244
-725697
906086
-866870
321505
-183527
553944
-25630
205480
485900
531783
-29142
-42151
355269
903705
-461497
227429
240414
72381
-960185
925966
896781
696795
-664580
571882
-147107
660658
-464777
-516822
-147191
45345
446467
655772
-436593
120406
-502158
726607
-681117
-144327
-946263
5934
610878
-466777
248930
650403
109791
-773143
-6789
273530
236732
-368927
473485
139525
338899
-85194
-165504
582324
459053
-325322
-957163
-915446
630714
-757746
-626604
-221269
-724902
387880
114238
-932491
475275
547796
-128308
-486671
196545
547623
676977
922145
-901640
465443
-704468
-957330
895913
470336
-896319
547384
448258
97782
992435
165389
-805012
467264
202913
427772
259234
29292
557543
-803040
523347
-994164
480617
898195
605308
-189764
-404810
-244561
812913
279050
72469
-327871
-720328
821278
-356315
-261906
13486
118642
-4404
-349783
269750
745779
-662541
-978963
-259061
-381695
412790
-642360
-811445
-255420
-800850
-407868
19576
237886
105565
-643892
-721938
337262
336202
104295
64309
11874
-851803
-516975
-612107
97664
-994123
-617029
779293
514846
729156
-801076
919157
222695
-644192
-839840
-740009
-546971
808765
942871
805430
-187109
-240795
-65680
470873
-961739
-192456
653717
73415
-676413
198619
-50915
-297848
-555253
695848
74137
705867
-30915
974989
-902227
305639
-129920
-378201
-367016
-454925
-367453
913006
-149108
-797839
-686389
480329
73383
-930102
-52476
-188470
451639
-9975
-653019
-49352
985773
282847
631955
265779
559270
-375294
-558404
635426
884984
158420
-504410
16748
-371767
-343134
722190
-582085
787884
-224082
447607
-514318
325316
-810513
-858502
-504953
287161
22000
-48684
-903408
670296
-752807
214170
391797
-230151
-92565
-341322
686558
18873
-767164
-571132
71276
-934041
293104
-422160
937679
-19396
-620891
269436
-45925
-967704
-874236
-327005
-81487
700536
678301
352218
-557461
-260396
-200740
-499984
-90278
-436773
-887806
755706
-689947
-859210
-239997
-740905
-637263
-770048
-577124
-20518
-701948
-795410
383924
-892784
189141
639476
921832
420960
-862695
339085
450011
716848
-132411
-61713
-812419
766213
397235
795036
21056
-770573
-407770
244914
911963
540835
-719516
731736
-852763
-709854
-914482
-881002
-351509
249312
548835
-508599
629606
482519
-878380
346974
204324
-591386
-750274
-424684
-170209
605834
-301319
375214
161774
-843421
224069
-287211
97045
-140237
396817
189997
-598549
-65545
491762
-573902
-707602
841455
29022
-544672
-540712
505525
584336
-520929
682002
932274
-942485
-116647
70481
-277166
-127500
618036
795263
-564702
-854570
-27980
512873
699817
317748
826135
379618
-810755
912856
155783
-371152
829150
-771823
853538
665008
-687052
717333
445750
-724265
6961
536255
-73841
266925
-372032
-97932
-364011
-243896
-216264
836979
-692046
-148343
-838006
-238272
-236436
-379445
-162120
800190
-475165
93943
349393
-111240
506951
826711
-120407
101599
351975
490058
278500
-840076
736142
-315260
434143
-272575
-917054
-552706
546135
-398522
961127
924213
-657460
264375
596580
730672
-662208
289349
-361838
188818
-339449
311117
-361268
-430237
775809
500135
-440928
99921
-428169
742919
-683418
-200275
707891
972432
-670768
845157
35491
-220823
288777
-544714
42120
-283667
733159
-869933
-317614
56885
-367423
-292805
728197
931310
-992458
562369
720758
131373
14183
-499451
570521
639319
213165
443939
-213084
340223
794688
-995214
666887
-865317
-952127
-220793
-871934
-966190
-101490
879519
-927696
603196
264456
479579
756002
915355
313750
749853
55350
754065
164070
-963659
456404
711685
-606093
819853
-204402
-86738
442303
996570
-180330
206923
-507129
364474
-507255
-432926
410550
227808
620131
754202
709772
-692894
-478926
-31692
-943422
585877
-383972
-185924
895029
-576786
-45111
-923290
-79174
502388
191185
-839838
-664208
-548193
636622
351990
951528
-623319
969700
-98033
-498972
-897476
-441421
369008
797955
220754
775183
813744
212195
196449
-634151
816277
-178814
220461
-248034
-624790
-526167
-423679
-491553
-630604
874035
971173
736825
-189456
289937
617175
-855693
937980
-482815
-602754
-357342
-907701
614824
-835997
572
-668812
-521932
530399
-187292
-246700
348462
-10342
540461
686370
-421248
402077
327407
-725506
-597948
-317197
-892055
274067
921187
827248
-807126
355801
-370705
-983672
693254
-4497
-553596
825704
-689046
-123718
584934
-425492
-645445
-207684
-331609
988318
-308925
-696106
-732745
-892871
-737494
753136
-995032
-28702
352854
692813
-752967
968602
-970423
-762391
-377076
173825
-487978
192779
227426
517881
-23123
772102
-582787
-365418
442359
-8669
816873
-943526
-873246
940338
-286244
629284
247428
-678030
-997655
845197
-378712
-902943
-219688
119849
-433705
781683
-976056
661449
644803
-584946
-644742
838519
665862
557186
-581909
-967172
-350892
-491196
760534
-128678
52801
630309
-933427
-426392
370857
871941
-272517
460205
-144843
800939
480432
451435
-591199
-932836
-749153
647034
-510253
-47339
843811
-769938
347500
843465
-194034
198904
-575114
-196170
-712718
-774956
-748890
-851194
997711
962009
-570792
-400160
527310
726987
-385917
539988
222462
689166
755606
-842696
-495338
614316
625342
-63503
435339
-28989
298006
742882
-576549
791221
-963947
-439292
-315601
-258402
778152
-754203
-961110
392392
-53515
-136727
985126
571394
-969559
-894935
-371619
330292
-364207
552302
634680
338739
636797
-625635
35874
332938
-802728
-663069
939495
319091
740565
450427
-813902
-84716
-67237
186229
-472644
-985558
806698
-190043
727348
718316
-634399
-790265
-551787
792040
-391702
737442
-771752
491979
-528140
294937
697185
-974220
507108
-728158
91082
713365
-928490
-195589
-881939
951118
-220867
-642911
-151609
-744637
-468497
-212487
-391188
974118
264209
214939
434252
621606
440579
-872409
-645668
681998
-978535
-423105
976733
296270
-459587
-231607
-874170
283955
475945
864984
756187
-381914
652500
795453
-273312
356513
551829
-623954
-49971
-312499
230726
-667557
709638
441271
488253
-695549
9766
-617956
-349611
348895
460853
-393518
-844166
-374513
-294218
-787825
141525
-23553
33906
-982354
-409014
648781
285624
35655
32527
-12419
10304
986242
-120230
450348
-358537
-549730
948822
-306785
802627
-332630
152039
869471
254392
-666919
-939524
62230
-627051
-853951
716404
-243381
602711
311736
702984
-502664
125398
-992176
-424069
368390
-561957
-820147
-348877
-913540
522843
933812
623125
-906207
554084
-725403
-5753
78889
-878140
-766896
-63913
-242264
-633679
829609
-431322
-111549
766675
-96645
718117
624589
-593520
200456
-985887
486972
615020
971327
211723
-119958
-590492
-275351
932521
338113
995840
124175
631386
-373734
144285
226972
-936507
-349091
403554
-393443
-563756
-910934
669642
285098
-228507
-777467
-139627
-952672
-997659
320319
-642489
628468
-336658
493210
-920988
-146465
866941
-324896
-503444
61509
515557
627882
528128
-450034
-26253
374553
540734
-373939
658419
-966536
919068
-504981
-847255
160217
-815381
-417305
-147619
-997145
-414889
328413
836190
364198
-143588
-889516
-354780
970637
244090
-181101
913574
706254
789879
55551
211599
-248203
203944
-773560
-124996
244129
54736
-118374
-237031
376461
669577
-153341
-734510
-300488
-82752
30256
-370057
593680
-212215
976367
-727030
-627636
-285023
126981
-366380
-122406
-787023
31625
-288832
892088
-852077
-953544
-610655
-239201
75364
749065
-816190
601040
-897537
-20159
722451
424077
-208906
-275101
-774277
604492
-896339
492322
537191
-853880
419162
902863
846103
-612675
-269397
-359692
-831159
-161914
750122
-126412
725799
236249
85678
-201403
81696
61553
-889925
499228
640269
-490664
-435175
922142
589813
911809
966779
-737734
551769
687359
-115868
-209498
600113
311348
249581
-409042
-30444
684474
424026
867868
-270424
917598
-358204
710106
633221
-459788
786242
239469
-10638
-787233
-660492
913273
183405
-527482
26474
253432
73215
694754
-890454
-115248
-767736
81934
-375826
890392
-76095
-717202
28392
-135654
-65886
-738456
270595
746507
727106
-590159
-39022
-465941
-635425
-340632
-868844
-140995
-832412
-459644
-717666
-580449
-808026
-778445
510518
586129
-644200
978047
832948
-634429
166662
220321
92387
-720417
-619147
283965
-356285
-601004
-212561
203822
-509818
250097
-110731
105833
422547
-530841
565470
500426
-190414
521237
-148460
444897
843906
145492
-412217
698083
372227
912669
847833
-169270
683926
-424373
994875
-677950
-987493
-513770
751111
772068
-372997
71036
-418709
-833426
-137134
263967
762511
674198
257214
753451
-775193
-910720
-632310
411112
-632944
-736744
-216688
-362454
-590879
-192594
855295
140010
865540
980338
86717
-837807
124473
-907235
812054
-471454
875379
386143
-638602
-975048
395149
-758331
-343709
897222
-990244
-915142
-645902
965265
-678694
512900
-435933
-60925
-313525
-705751
364138
387611
-140141
489547
662174
949922
-594076
-822804
-169076
-401604
503215
913846
-252647
-530958
731717
-346352
-391914
789465
688436
800003
286852
881894
686978
-518106
-206910
-791150
-644194
-881138
-335551
866358
-3865
-320399
-765687
388205
500308
-722979
89618
-200236
592987
-725774
-939646
414693
336231
-136774
491572
-945203
408376
-96090
326307
322806
615982
544110
122723
-346804
-336368
718342
-439640
366043
813878
-666425
289833
529501
-67308
-54568
806321
-797715
-318989
128089
-429972
-36688
217343
206192
-923665
-586434
736536
529207
-660272
-377785
-856071
-859232
43954
-551026
-969541
-452535
310745
-917256
775514
831390
-507002
-624171
-430996
-438606
-300620
-285203
-418904
437558
-901047
-985694
100106
69504
-548695
-335987
727319
-955727
917644
-601945
-398815
-741315
-944444
-833348
-359658
619366
-351393
504817
496070
-23705
-723130
52816
144609
-264040
790335
281128
-720983
512795
729440
552693
326701
-995586
-429291
307250
104158
501397
357207
-69771
996381
325601
165964
101257
632173
632736
901877
-895288
807114
528755
731652
723092
-577078
-796705
-235344
-658440
-454127
-352898
506912
-932879
810580
628432
-353749
50463
-174959
-469677
-680733
-689278
-365200
-103965
144146
312564
111774
412598
-999365
119864
858115
185917
-478397
662628
-4108
-719225
-317596
273395
-552726
32842
-257655
197618
34693
-655463
-340798
143464
-500032
-227785
-20098
11755
-72308
120255
-810541
-409862
-330622
830664
-333395
-757649
108862
-527783
-457900
-18135
-116811
232494
520273
-48698
539654
-954505
191738
-789433
820811
543566
906362
-151552
-32055
208282
-453278
-402750
400428
-365629
631895
20415
-149605
-665668
-405394
939237
-977698
605901
194740
-514188
-693907
978855
-357964
760246
345518
-202175
-451535
-440619
443152
-505192
667567
-358864
543447
448072
-10132
568827
669241
78929
727440
185200
-501048
-783241
-84545
481004
693933
208917
-234733
-350710
416369
423633
145189
246386
284181
-188311
325244
-961176
-725861
248214
708918
-744939
-594857
-743581
-334601
164256
-354519
-30105
263793
-67880
177779
-914540
256353
499046
-433967
-441266
-336241
88040
270963
787670
-850228
830727
882946
-56175
932665
911272
-181947
919115
-790097
-51942
-6389
-184737
311348
610414
304758
534277
-476226
840390
-2532
-913883
-736259
-990941
-381756
-642114
989602
-194876
780084
-999485
-375894
546861
-565894
65674
376970
-878740
577821
-109569
-798289
746739
-41374
205698
193126
-695210
-271637
-630816
778298
920419
-37731
239999
729021
740492
665985
-825795
-353427
760722
916508
-918129
-551892
958016
-659505
18869
-643431
-607326
473096
-356105
763742
556433
-274647
411393
272822
-228916
-171110
335324
-691440
-891460
201324
590462
29520
-520059
-616212
584417
482564
575920
461465
-715336
974553
-717101
-786883
-877914
17451
566531
-571350
-771434
-769802
-691630
399683
503196
322758
-75535
-204946
-418585
489389
767221
-248949
-111812
889891
-343504
-832594
983387
-92804
258875
-62377
-312648
-678859
479582
96525
-248301
848840
301340
678296
-69248
515659
-561383
27741
-837398
-448933
160522
19804
-719528
-275046
-510447
-679874
868251
947377
-774997
-783729
-800999
8226
-606093
-709214
722922
-816468
501972
731014
-923816
466108
-587952
-525495
241677
627980
202661
-2829
84700
980835
-201033
-407562
-425347
576763
-731594
689482
-563163
214582
977080
73550
-579179
-325244
-409920
482417
-504583
-876948
212714
586939
-299974
511838
-733264
721536
9985
-196437
890693
658148
-955158
-756864
859729
892922
281440
-993148
-762126
200335
-584917
917695
-30593
693843
725454
99639
65030
18541
-920513
-746609
-964583
184921
724545
581542
-255010
-69935
646416
-399342
-394829
-545721
448446
35105
291229
-977350
-709181
522067
584971
511386
-800055
106951
550753
-346545
795583
-704191
338758
-877083
805597
-84582
346759
189179
28551
172995
-162867
-132823
719067
502008
47000
-914289
-312679
448158
-328633
570922
689253
-884649
-150199
751843
997086
314593
-850018
-654426
23442
-50294
-911533
-953669
185797
166586
166759
246685
-713127
-613366
895369
-896114
-555856
69757
-970150
-591945
-371029
-363501
59768
-969555
642653
138572
228496
17796
-488325
-647770
219178
-527208
-553401
-320880
-464974
-832007
238395
283544
-208187
-627937
701972
-95990
677754
-198491
-513431
833123
920434
687915
19225
92649
-817603
-809522
-156762
-229735
73734
-519419
-663222
-824365
-713114
575423
-350230
792528
110491
-957588
-688988
-203176
122726
-26917
-484685
60620
-296345
-695337
268912
-847376
-909532
-197930
612126
-678986
-622632
-377724
-949789
919395
-320823
-7816
-102891
-404699
936253
11031
-720210
374042
792214
-658238
709779
-631185
725304
-248408
479823
-451191
-448489
140849
403092
-86763
-131269
949114
254437
-906072
-712086
125116
973880
-498783
-921658
232923
-943556
576108
383221
-790723
883794
-453664
367170
348401
-296506
-46788
718553
572327
738715
429779
-138742
984797
-461117
-773247
-621636
-281275
935854
-762985
58505
-85170
312090
-490383
927265
314813
-507814
-913867
841048
-52341
-805785
-558510
-769531
-421469
960409
-147804
-428119
-467494
499272
545678
-955082
42560
194157
-681409
-720698
-625817
27097
-170806
857116
334943
983345
-781285
-441709
909609
872821
972374
-605726
-745964
218431
454186
740289
469607
-195730
453121
942161
973771
193543
-134722
774688
-904464
-961675
-680078
-36448
171066
-564720
-645502
178676
-313317
-118162
-946330
-41717
2255
563397
688012
-881951
-712113
98713
299702
7735
-480394
-674458
-914134
483507
952260
533810
857420
-621811
-833454
-446670
711113
-6126
24096
863311
662117
651286
248166
783337
967562
-754953
-465671
-763255
894554
499839
-705830
233069
32354
-469828
242067
11199
-937353
-3805
-709712
582069
52678
206657
-29517
-317368
-422171
905378
-435033
-292081
775991
-217449
-944380
53688
975748
241953
457984
728251
38180
-834737
-971431
-430894
850149
-865241
833188
-383041
-911515
518044
-90350
-328113
990583
-164319
858112
517604
801600
-14417
-735574
-475160
305897
-707336
-396969
917628
-746737
603485
-37044
157034
-696179
176956
463511
86383
-872602
-628932
-562541
-53471
298552
-88189
-450928
822650
-841934
-288941
324966
-618735
-732162
185334
6214
-461116
936131
-392040
496194
4299
-855220
-447983
964858
466281
804226
-973111
-564978
-509074
-214243
-746925
513965
155396
69024
173231
-69766
272185
-851052
105789
511593
574834
-386118
-322207
349696
263777
662915
-325672
692219
155485
-453700
748157
-241750
811096
281534
-63562
81546
378878
-680297
-681943
902071
402082
559795
-480623
-16534
-766770
536586
-329300
-283802
373431
-939582
-516398
-708907
-164942
123253
-124458
-781056
758803
-780749
-960062
759606
-210648
-786973
648348
-534785
310667
-560290
235877
158472
343957
-658792
842349
-764372
45359
626862
864533
689154
-429887
691915
934505
707990
-160993
592448
-182157
-54894
207954
-500847
-540287
460335
-905227
785786
513607
-391881
-498254
156688
465284
921859
407709
-570727
-759312
-321626
367037
26473
937549
513690
843878
-107314
556964
-331923
-584431
784366
-9438
378261
-867312
-279749
643842
-934517
-253468
-9032
732927
721933
-239692
-578188
38646
-852477
915471
279088
-815868
546602
-654374
739336
-914185
-352197
-113047
-448987
-642428
-516308
-209463
-890064
736963
425537
-197561
-83845
-680009
-474590
-979930
-524534
32409
643143
334130
-120762
-41623
308068
596201
-775877
90437
-887611
-314244
-948228
974238
-837066
-331365
-200098
-433358
-791517
-488559
-484538
626912
422268
-339612
841210
-292106
361361
87721
511382
-668058
701721
-964026
-704039
115955
673254
834217
-346185
-313008
-108045
17904
628945
903028
-435132
799237
381849
917006
991040
-925434
-636839
6309
-814235
765318
750124
121646
329671
-505052
870006
-323397
-851607
412682
-653950
-632924
242237
195057
865037
-720863
-755301
-521059
938206
467657
-454110
164985
721214
-662484
537939
891305
577214
-908764
-121366
325708
-543232
83485
-700745
-107031
648792
-704104
-540420
-544899
-43428
-129219
523996
-166238
-167703
404607
-887733
-684929
783879
-215968
-683932
-27154
-136471
-210193
-250050
872361
650512
-804685
398033
-184787
-211198
-278037
-590659
-965475
235801
750347
-485901
781187
504234
740667
884769
655647
-557303
539359
934620
-588380
268934
-332758
-763894
-649422
959411
-937926
-398394
679658
-342299
308845
-188833
-209553
-340267
211260
482855
564911
521551
611772
-279266
437219
-265306
918045
-76747
-96978
280466
226465
-607102
-108802
-449425
999003
-208019
-962772
703777
552388
652745
-735346
663669
-862672
418634
843123
187021
102354
449150
752803
-816961
612309
854967
72347
429472
-722498
-916333
377745
-963165
108370
811197
-141704
-697859
-275431
988801
655559
-175127
457760
-299692
665847
2321
176012
-747382
548184
-792735
862338
63521
-825079
-589967
391397
591336
415442
-890045
183413
-586559
760681
15290
-65155
410629
-75838
675777
-80618
535891
224275
-839645
-287767
-720602
-721222
-120985
-515858
-787560
-859680
-327573
525453
-958179
-946275
-355840
256677
-831737
-759039
90534
-834504
93511
-416173
-913751
-587527
-200001
199871
-257260
785914
-367107
970631
753519
100153
379032
-597967
-654995
420401
262850
618354
441741
-397744
299543
-713017
345728
760687
-134671
763115
359383
834784
-809472
-283510
-84431
-590763
-517304
-522302
164872
90976
751800
145270
303310
-930232
721037
-61912
697950
114861
-282751
499797
470768
-773987
-443476
118555
912641
-7151
-982861
-571799
551636
-282589
-364987
-964424
-160190
703666
-867223
669137
-989456
185330
439870
-337449
-159165
890642
149459
-759450
369245
632414
-218900
103801
307347
-791311
598365
-701582
-253369
530917
509599
-291027
-527845
-513446
-46270
225127
-753997
-161503
732393
-49759
-146111
490603
-660226
163886
-567974
774448
769783
-176038
-220056
-267575
740579
-590048
205592
899460
140465
-598988
953283
199313
-585404
-995558
-316957
-982833
-177144
684549
-736545
-254977
975709
-27277
32507
977654
-498104
960292
-140595
-917397
725133
-270550
-441307
-331700
-245352
701017
864124
-33825
610705
-402477
-731582
204484
-454631
-190343
401935
862654
26504
436391
-436619
-268414
677650
-895662
805842
-82951
-806554
-256746
755483
-318569
474655
-335271
-337402
-504448
-969647
959296
743990
331545
-349940
-473089
-225012
-812792
-234579
-576829
857587
684945
179601
174923
-115030
87120
-417504
-969807
424537
-645116
-908537
570112
662514
-23241
1154
182622
454979
403636
128459
-402945
-615840
46713
-589852
994353
-534564
837328
714789
530667
463185
480261
816890
-526451
-603911
299675
-612640
-454003
-986013
174603
-804027
-584395
371978
-766400
-755587
-815488
85888
-325546
433395
-598788
-202721
-185303
-70673
63725
-147450
-80821
-89180
3662
549512
794076
-726156
-233735
-554163
135242
-260489
-992820
-611103
-650930
320606
-565142
405437
-431856
405498
300789
349627
-880269
623137
652663
-270624
-385226
-836503
-989346
-599453
109519
-200372
953172
554748
94796
-49520
465187
-775282
-591187
-636344
-745876
131486
-893288
717497
871241
107069
603787
-478952
-526227
-62832
-486732
758435
-820515
150284
494309
-833395
-374091
-821895
185004
-77951
-751041
-719191
-416924
318265
546763
-984087
123818
579325
-984235
820190
-724394
-808879
-415787
-189701
-373850
508403
-703036
775734
-406599
-298281
-410685
774896
-93796
635187
479375
-752374
260629
-74095
-546211
-403929
323901
-363484
-412822
85336
-951553
939117
-424605
444847
747640
-251393
-755751
-964230
-5288
196229
449306
577512
514743
800626
-417462
160865
721041
-327708
-877248
192732
-706253
-737032
-385462
-608981
-408432
-815707
-537984
883966
-125186
-126657
-492379
-130692
-101873
21641
713053
-122257
-83921
537839
-976776
286944
6620
-962236
5435
674795
826035
980568
746482
-689307
754597
-410209
-472621
-322095
562864
-658638
-677946
-768319
489412
972688
-189342
-573981
605649
-698813
-761438
-286637
727485
805809
-740459
886789
311280
312525
901953
704149
-561348
-789000
938335
-423677
28438
-528218
-295356
-68393
-680317
-188795
-852874
-489361
-994582
481283
712873
-962491
856495
652491
-679167
-536090
-650726
-333231
767902
433072
34442
216924
936346
687668
-886997
-376782
566387
-948619
-669524
303505
-48550
-140663
451485
40730
-343613
374782
240445
931874
871167
57641
-806955
-958394
-638489
-473749
-558402
716344
-134030
218363
740467
-202693
-280045
705886
254830
-913198
-260935
-999896
-927595
-912003
-375230
267359
-113530
300034
797075
839366
-257347
-598914
-844556
-985697
366877
341795
3784
-156564
988448
-741830
-75474
-875323
-142432
-60176
-465995
301236
-887664
-458875
270350
-435755
-229127
761290
673643
125250
-560072
220816
339920
-845782
398038
-945435
158819
442443
991213
220827
-873978
-180369
-340663
-505927
928837
-415700
753260
-941833
862579
-970441
-578585
-494973
715099
-595921
587942
829655
684989
-343514
256151
388842
610257
744316
-431710
40094
674910
528414
-276434
102308
244817
-635204
-894770
671640
558528
-306011
-381330
-975331
-280040
885126
-586827
-97039
375167
294580
-687023
139978
-595102
-426682
717196
-12845
-204204
605697
-766112
-95047
-700270
-522890
868294
743316
-957935
720062
502272
594099
355498
-482805
722709
285874
220163
508581
-973884
261872
668180
-858563
-703728
-284855
-978762
-852726
-500815
-168244
-317150
491004
746326
-420084
438463
416198
-565852
767135
-889871
-513570
848967
-931852
794042
-608296
-396190
-134175
-493969
428280
-692783
-79972
92448
824424
464371
729545
777793
-791735
198888
-399575
475458
-63039
994008
-898685
136021
-415251
-973183
630427
-224845
725863
-220807
-345879
-125217
-637439
-160345
833193
-185694
-826969
-891043
667527
-527851
-737826
402417
277968
777305
-93765
667250
-904271
-847174
-413306
155408
88700
953490
864054
656993
-465897
-845138
310900
336574
231061
486771
-431455
697169
286777
-740434
799121
830036
163780
-833902
-349819
-445306
-704719
-508967
-879942
864702
555344
-211577
-957204
-276672
167273
263099
26393
648424
149694
309408
738480
-729719
-863610
240041
63636
654967
605420
478753
-868880
380159
316472
202063
325406
188221
209682
605112
151926
681834
-796289
903286
-418547
517676
10863
-979393
753005
437421
469563
-202908
323183
166393
-36451
5456
-647973
125012
859323
-203687
898732
-587533
-564619
-843268
-320733
-402185
962310
483241
9022
-81638
961240
616326
-621320
994631
211315
194361
-45370
36394
508426
-837783
414788
25048
-340390
-295271
205318
129379
915307
859560
-431475
361527
-676338
456242
-422533
-768484
-128107
555518
863356
456627
881317
76284
-35944
-244121
-479897
-140131
-963925
-372515
971870
-111509
749668
705476
147844
-457004
869566
996074
951570
298757
-8260
-70031
-693060
491717
-219247
-620534
-191035
-847868
232635
-904754
862232
179042
-466248
538715
-148506
571655
341327
649071
-595097
357674
-503096
-136684
712177
-120138
-236050
578206
250128
-337537
-336529
66981
-812503
408700
71730
-813105
166508
-327097
808179
160093
-988333
-231364
547625
619236
-281673
90187
-193111
-251976
-529870
778777
174433
763170
-997830
-650089
108049
-991305
18599
-154979
106307
474309
541783
-605833
-974834
-351613
-748212
354941
-494438
-351154
677979
-373683
348868
836090
285609
174678
-700541
473590
116132
-840357
-137918
-746563
-520448
67835
990582
-336683
-851898
-499959
-4881
-54707
811645
-65327
746573
-547734
-242233
-850638
-166686
-831060
909404
-488185
-450304
85168
-888745
492845
422745
133820
-48689
-411950
738747
-109684
-755062
75299
-21891
-879457
-296274
568360
-713632
163840
510861
806539
760541
868067
916629
19045
-968401
-270887
50521
-703745
-592491
-762980
-66735
747177
850869
-269115
348992
726939
-508484
315078
-292806
-567988
-272010
525846
175722
957262
87573
974131
-682207
-57903
-665553
10813
-173301
-888606
836497
805910
713657
401306
575403
374122
183611
338181
-479945
-23706
-165612
-504134
-874092
165515
528496
-441054
-950455
42256
446339
-93146
271037
731511
151305
-704120
382943
-515014
899046
791339
-730074
-231792
-157293
-573128
959997
-700840
596063
279382
-95582
668538
-471120
184079
-929001
-750202
182874
297674
510134
65033
220302
17044
-819232
-100211
-151799
-459036
708643
582514
-91438
-449780
-551426
-647292
390148
-467887
963207
-137647
761969
-770967
-944414
539982
609437
-871088
-944837
-670609
648637
372633
-157268
193673
-487662
-876604
562362
535807
-163629
168364
235339
-899594
-679962
709093
-61611
-888205
-196871
-629915
83820
535904
-432781
-907916
-513969
153275
332999
-851667
-23414
-811643
535513
133876
869368
485031
-980202
-945981
-10813
-310806
536458
466573
542315
839472
-113267
693897
918696
-871489
948948
216122
859129
-813311
-39532
110089
-795454
919537
279219
-637937
783080
-808722
166656
143985
-705013
10900
121058
-830929
690278
-918971
-550792
-396180
-334468
426380
-703172
897700
753985
-611378
473254
523681
-865484
190549
315321
7028
842927
-634463
617972
-999055
-965686
-458008
-501379
-171891
-863619
-522762
-77767
97183
737254
-397036
-408613
-540411
65635
-121861
572277
-123274
738462
667167
-937612
-966185
930044
-260913
-948018
-932109
631049
785920
101665
43193
718473
55372
-703145
991134
-684458
131716
-219475
-914295
-773453
-705717
-345558
-653596
-218631
81356
423209
-450572
278183
-39599
-274341
-710871
-767624
695358
-634740
577291
-131741
195196
-345268
-766585
207664
-76509
120372
-198288
976645
-30819
931791
883568
-783312
-45984
-171799
-938439
262647
710531
-418637
-106276
465176
-473345
938597
444587
866183
897364
404705
-524336
330103
472660
982620
-884559
649934
-874163
-908886
734023
522377
834770
943092
951471
700087
-885885
276161
568858
398297
451047
-591312
-820650
-579413
176060
-811705
543688
-321110
458873
-606339
173246
362927
85736
500676
734010
598364
-687140
-463012
-629577
573179
-441556
-544261
-510001
-674039
-362002
659163
-351067
597747
550857
867850
611338
-858194
129664
854370
-709445
-883524
658940
174823
840430
-826839
-995681
-112847
-192072
-35109
-740248
-889016
791569
-965059
223612
-39448
888885
798245
714923
336711
806715
813782
814406
753069
-763653
105281
-841586
88812
165915
923910
-754669
564722
388587
-717557
26612
-228967
889062
-961548
-410489
-929001
66185
298490
524091
-196155
-869508
757502
590006
-890891
-510656
-836695
-414244
197713
575936
904058
-532139
348490
-153433
155823
-655408
-581518
677758
207641
185061
-44299
652263
469131
423526
-9221
338277
-217446
395073
-218053
-5551
-825004
-566238
422434
-806725
-430786
968596
-818734
983196
232551
-399246
-21692
-318599
-758306
-210544
-929741
-12857
758345
-465218
371397
-860669
-831638
209346
-891026
-897145
-788074
-91629
-98789
-426348
390820
-91225
521963
-169306
-743281
-316420
-488676
-971293
743703
420070
918185
-943387
533168
-538985
21402
-361346
126810
-4813
-527479
243935
623281
-520773
305977
744665
-375998
-481024
519048
85917
344190
-215730
-692091
105174
61653
270699
744202
365089
290420
-368221
-164793
790900
297325
734597
400582
467662
342231
353301
-42146
80852
-345784
-267134
109521
-699101
738979
-958384
133551
211587
436327
212052
458356
754157
-440554
-899458
-464109
839511
-429050
-881084
-602140
181407
-548698
-745054
-809766
676939
-494559
-17500
161493
907660
208808
-932278
28266
969576
949874
186093
-404610
-757905
806191
161722
-222872
373347
849598
774117
696892
-632664
-506128
-48569
24545
-859890
-598675
670540
-122331
107643
771634
565442
-778336
582908
93453
-775352
525409
-685074
77292
-274188
36956
-315955
259940
885358
286215
-269150
-216184
38685
-583641
401149
120420
-161882
58798
759554
-207242
-417641
-367860
-189737
36643
-959186
-668326
-98644
-983515
857441
978358
-953518
995254
373469
-74981
-88359
-227193
-439672
968823
907160
-264533
495783
925766
-437322
559557
-497439
-696827
-985214
-928169
227510
237717
-538769
987732
-687639
-924580
-42589
953796
-88336
-289591
95738
-20245
751526
-346234
934734
-48488
883333
772982
3932
-765345
686801
-632464
454346
112375
498471
-202836
-306482
-232594
-940077
-645780
982149
-280368
904329
437471
584519
436328
684958
-607548
-84750
214711
-670140
-628056
255422
-469609
-53599
-979505
-337065
-301141
-784117
-977522
-631538
-840998
281381
820548
4818
161759
-415011
432128
-55361
79825
927442
-617748
-147001
432930
-562280
-243755
-552819
79481
-983724
-670648
214499
795315
-811801
523022
511010
-339441
-984052
125502
-36125
155171
242656
-942676
283729
219480
781492
-320888
679993
417516
835982
668932
675187
898127
593058
-973890
-105277
928998
931876
-816915
-935427
-929396
-743107
703204
364562
-27464
595810
-77981
-273105
-593257
-558887
358026
122181
271598
-418503
-66263
326051
-871406
85499
-169982
425333
-445220
583615
350163
-483305
-609920
7564
-16222
214037
-598852
642542
-980337
-147154
-702883
-79159
-776828
-197508
-555144
-250868
-603768
-160736
7086
128880
-244955
-30641
797397
-331467
-26022
-189397
-276283
839761
-934798
22689
688727
331612
65907
827626
504548
829113
-583953
628049
610978
-686779
-93679
875445
530154
89842
328385
245720
-599583
356560
-232724
941477
-936609
389969
171463
-534147
390023
-856892
-352820
761830
-303432
-115513
755155
988678
666331
675095
819861
-554001
232298
174644
-701008
527234
746105
58472
96776
67370
-215016
-41569
-765120
-538839
371068
-364429
-295833
-708282
445003
-695243
-247930
-196559
549735
-826009
38911
508176
706396
-253370
-310810
-193289
18094
-710989
344337
-651488
426865
-59078
353971
665057
-966978
411989
-450004
797291
-915221
-150627
107746
559679
546280
-190756
619857
785282
993534
-238817
46710
689987
-650235
917643
-619940
826423
681696
-594044
-845369
464820
778664
-600498
125704
669720
-778448
-13808
-7729
490990
182131
-740165
-522294
-332589
493749
195349
661988
-800804
-145382
-811692
891737
653649
244690
-340639
704248
353465
363314
792569
-987109
655259
957722
-142865
320436
957875
-391457
-623056
-701307
-83802
15373
416990
-19096
-595591
-608745
236860
-874178
-925791
-311248
-545498
-438676
-166036
863688
223633
-518308
-345612
-401760
474914
-199582
947528
-527814
74083
372983
270851
-268555
-963252
-509124
711423
-201456
-923981
-421860
-543684
-347480
317645
141110
-861915
689882
846525
-440484
517759
873062
-937446
200643
711485
812246
798473
71668
272066
-364830
-894235
-722109
300656
730270
-549008
-210763
-652265
-303529
-814606
-774540
-105126
766813
778728
-941909
157629
734639
-996040
761819
-376562
-662127
640608
-691779
-797166
176207
718501
-639735
258844
600410
-83146
424126
515099
-346851
81009
71012
967822
901248
-317989
233300
188969
-155437
130392
308629
797671
798622
-470892
636101
-109071
-990205
445408
-64142
-336469
55417
873525
-268891
-420173
-957855
-143719
705010
-639822
-900891
752090
492086
-997291
66355
347144
142465
464781
815193
-473478
-401374
342897
123649
-616040
586421
-127449
-820787
-165843
204323
-428124
82025
572449
-708989
-416566
575233
473572
232499
-274405
-629550
-4843
500819
735562
568653
781257
984115
-975253
552783
-862904
685097
-368668
877404
726064
-599387
-721139
-842586
286778
-178
172660
987029
-126341
248021
921979
-336777
972978
-660384
296590
402805
8444
-872411
736830
390287
-936074
992561
-680631
609382
-737601
-968396
-617637
-193679
-999588
-187748
-922912
-152498
450285
-876630
-937011
-495415
922536
-659247
436378
252810
798740
79603
587906
216775
701881
83510
429287
-534741
147631
960475
-220724
-188312
-367449
164495
-343284
474311
-423590
159223
377517
551947
-998124
-530018
-946407
708684
-127729
-27091
-328285
455580
14491
-831818
672710
-776898
-363872
930554
-511001
514890
74916
605482
-528245
-706999
-335401
276581
112177
584079
395139
-66411
-171160
-750422
-123177
942037
658668
-162068
451371
-670290
868130
698010
991502
225275
170478
-539710
-434835
43855
-31653
-252635
927273
868282
-412957
-286525
283288
-326280
756970
-440030
-955438
601847
-701961
-444045
30881
-748012
336284
596233
-916491
767013
-738977
699754
-303520
542277
-551445
-821605
99439
140535
846439
-419524
-707586
567213
-418305
-973398
-902905
495731
289965
215341
980449
-461647
151159
-876918
-193685
998553
780072
-5674
820521
831820
-788571
-725399
227100
-762231
169541
998670
-666815
58393
-909035
-58856
-562895
434671
574594
-621310
988926
225025
-774339
348867
650818
-693340
-73845
-240293
-236519
907150
97244
-535026
278752
-228947
470935
-519337
589431
-801868
-717032
-1365
135794
730070
278491
-208218
-218227
57580
956003
194584
-186514
232466
-392238
-417000
-156143
621072
-207762
-437758
186588
-886028
970276
-447775
-787336
350667
124078
-190620
564233
-648390
41950
-276297
965555
-464379
-737342
-61449
-81718
517339
-915828
-243796
-427905
103486
-394460
315102
-962017
-1546
661417
-161979
-3202
992253
-845934
578725
569990
-85573
384255
-613731
856319
997312
-850935
-502378
-585592
519877
741748
174040
633963
-749168
936780
262974
6723
627538
141276
-775208
835694
-221348
225379
749987
-653035
-139773
-144609
-780816
-397837
760150
-794277
355419
293976
-298679
-256781
-847396
-447084
246785
578063
-973955
603352
-196904
-703370
193514
743375
848689
-518409
427717
-713594
315744
509613
-69557
-199947
445766
-846802
-441794
660127
-825218
-381824
140396
957216
-837847
694283
-168355
692973
284830
544285
453937
811225
606311
-278582
240891
164232
-252696
761788
-987622
-178816
148389
256818
-389408
-1984
-591868
391174
816001
-761346
154605
-388487
-997985
159419
913208
492750
109129
470662
726002
404146
460313
-167709
537608
-14856
868983
-265710
-792174
592060
97804
239992
-395921
-87811
566811
-327235
-126554
-513320
-655703
930547
137530
443376
801269
971586
-485378
-951478
83347
895066
275473
-914379
433335
-899249
-163791
-125502
-419108
-93645
-861002
208659
444862
-86284
459908
-767475
197602
-407518
-204896
95877
988509
-90685
-362144
95445
970222
-267454
-419185
774421
-98109
-218205
-812465
557316
448296
-953338
-169779
668700
-630446
34960
-21363
-261416
389520
-385009
547481
775623
49495
881128
-658546
403436
-284618
630541
932992
-64195
469361
-589289
-914698
657668
-581057
-752322
-715274
489838
-311613
-481636
-309453
161572
-309990
408061
-274865
144875
-428867
15011
-587268
759138
-984307
143900
683891
497516
254036
-139323
-889033
-797741
-351267
-744543
-205444
-760749
-647505
872210
-921443
830607
29091
-461189
900447
-540512
-989438
-868712
547831
-957092
-211282
-348909
-563481
950083
-415947
-729736
664296
467767
610339
-716114
975941
-65606
-874896
-255044
-913985
-439579
-348828
75704
524017
864579
329679
-244336
-243008
-109298
-509392
-945652
-915392
227810
-521257
-201837
240553
862047
-573242
333028
-509487
677060
660087
638725
-957653
-982006
418383
513767
-872665
-484997
-419685
-985202
427307
-294557
-706401
-930982
-240728
-840596
-554500
489568
-277354
375648
167796
774732
-773373
35076
-167459
-226202
-168061
-832748
-180680
-627289
-818897
644986
-317473
-149450
961626
623698
-964969
-227650
668990
-784933
-212921
-243513
722813
828435
533062
734125
-745969
-57443
-841198
-851578
363185
972110
-946103
150830
562338
453220
549792
-361243
242651
791552
919255
-720291
-922857
494470
-779426
-954017
-45805
793303
492483
291765
-285758
-728107
575266
990680
-576825
712506
-37667
670919
-93353
289807
-509840
-246410
-950981
-238279
-885095
864011
-949540
-728251
552855
690280
703944
-80607
285511
919275
409731
530127
-135275
88644
-793792
431172
938943
-899906
-699077
462387
207467
968496
92452
-520843
480730
335594
-766840
-400089
318511
-944781
-984766
-644591
-281816
-545689
447514
480085
-263150
-786394
855659
232836
41070
-766591
168699
-904146
693571
-313824
318288
-47321
-866158
341253
107139
-826832
-30824
-186769
763043
-774260
-971369
-611112
-853323
-550737
-437326
-140340
-996090
-88512
839538
328533
-180998
-851501
981632
-4785
334471
-223936
-13527
709662
460204
191337
687739
-351012
40312
-651428
-934796
511879
917195
-133624
-334910
-926185
-667926
327005
-338604
197799
717194
101337
403676
-704354
-309307
477558
-565200
593328
277694
769003
387547
-828812
-926489
-867960
-477599
978519
944608
374752
590019
-635529
-120212
915101
98692
-440846
864653
38514
-29647
486032
785888
739603
-464666
514567
904444
692668
-835666
153894
494677
85909
381917
904276
-9210
-710977
564997
-877402
-177167
458083
-256657
-127035
143946
-957389
-636489
-766430
-329931
471259
-623485
602661
810781
64045
212400
-432630
25896
756888
-199054
-271033
226973
446738
-664381
870176
659361
-19704
-596753
-683296
545068
318503
-170510
-310864
305353
452429
-867237
390173
53906
681675
-877856
-164987
415441
-397691
894824
334890
-8444
277843
-369107
748613
-59784
911860
250510
531780
-4701
-896477
461829
-902625
375769
353480
-164730
-79315
-366383
609401
-780637
-757779
882599
-100395
31586
575927
58903
-111296
209820
335506
-287444
-297439
-416795
-275178
272865
880237
-723889
338698
75678
-526689
-149955
303353
428260
-949491
-295191
-372493
495714
-344188
932514
-852452
99338
803516
-727714
835032
532976
931493
952148
-301195
-626071
209104
809919
-113120
847307
-934687
-966654
535165
-87348
933594
198065
499956
866801
38229
497472
583616
930507
-418576
800055
-196892
-139458
-929820
-71118
-183851
827653
-957148
194553
781963
901469
-868537
454244
204564
494802
862276
-26284
638145
733436
845516
-768165
-495068
-724713
756154
-597481
-506383
-825515
983668
840045
729189
142395
903602
862335
-216907
195603
-446628
704615
436087
-64413
57387
713501
-848976
-391263
397924
-23958
-950113
357541
-734065
-497107
-621935
879356
41288
-238201
472141
156497
-288341
-301601
-222474
693200
788344
828149
-206014
-481672
-218274
-552799
80228
-306862
-75983
222505
-507060
478148
-957869
-679060
44765
-613457
-556400
424625
432668
-781920
-212730
-993975
-253657
576293
-605109
-890516
-37874
-555321
-24903
545935
-809113
848829
426562
-396240
-776230
-63536
48574
772115
277685
-973253
737431
-560016
-414460
956682
-637684
478347
991028
585674
-202676
-74138
459976
423581
-883869
84393
-740990
-747581
461893
-488536
-267314
147075
-59955
-746001
576466
-522992
-28755
-192591
-827788
-354997
537471
-69685
-78525
552822
-535613
497651
42118
-300482
-841481
-752220
-20658
-487209
-992607
-881163
995753
672182
129022
272904
910148
667274
82010
548988
537636
6026
601568
-522640
-72399
833854
980823
302990
618111
-570998
442947
-874664
123386
598032
-623938
-144383
432423
758560
654804
-203857
468293
-670890
232672
608802
561183
-535063
614013
25914
159345
-47536
-699505
692528
822553
-543981
81797
-7669
-812060
-573436
871959
-622549
789302
-267045
396674
289413
-206047
-815122
-970151
-901426
877021
-79450
-61825
-58123
-53715
563014
-785461
347122
-242594
-449587
-256292
861165
551624
-595197
677384
228183
31086
147075
137368
152755
120805
-682108
150373
-453591
-203492
-738233
583181
499691
-979512
-820200
-343359
-204283
875609
-437883
-233846
-190924
940082
500213
-387664
534699
740434
613971
-439112
-921383
994160
-726269
-536471
-176630
438618
130123
882887
672148
949505
93972
917876
-229715
-33689
413864
54329
-314279
463106
800701
-933980
-78017
-468279
-632719
-611701
-202573
877987
-398463
557510
19532
-591283
-741067
601329
921785
-903711
11531
-617942
-493414
589757
-329492
-618141
-356343
393779
309481
545290
-670795
524699
158238
575715
424206
47216
-959598
-70175
-239107
-989778
382530
-56675
617111
-794635
279
890334
-217782
809787
538639
-314517
565890
590210
878959
-775282
834212
-839054
-677995
-520010
-108100
-845720
452747
-186472
298108
900280
-210350
-647823
-679326
3598
743578
-873604
-483631
-827963
33192
-693008
517111
-482347
-906483
-592803
946565
606282
-882161
-756808
266401
158044
571713
597547
50540
-293316
-454878
17279
-281275
-623823
-314692
-505651
-462811
863517
-611794
958168
-852785
503254
767982
561869
-368847
660544
876784
708061
113135
-204200
-40557
230864
539663
65468
-303784
-716240
583200
-639744
49767
889385
-197291
236736
-430319
-374184
-999128
-306058
-336051
-892636
-879136
-490110
99576
-510873
422787
83031
447275
526085
801155
-216169
839370
633015
334779
-883842
-997559
-922475
576394
-369234
-549258
243363
-259430
-499468
314887
795261
-739957
-530792
-424144
-369322
-890395
940430
681781
480387
-633107
652594
229007
19058
702014
756634
-7079
-752513
-963020
228227
-191474
-818471
-248416
688150
-339500
574146
299380
-760136
528351
347128
826155
448022
-979653
504482
757988
-813080
-103419
-384521
-95400
689656
-83425
155969
-980109
367579
258765
-209962
516423
-207144
-532847
150232
-141736
-317714
-512778
-46549
-596413
595997
-628915
-411699
-298029
743726
944537
-202044
212650
-715528
-264582
289612
-210641
145899
153835
456345
-448051
-90701
575751
939134
-732795
652521
645689
-565487
860492
76716
-857304
676152
-502296
307407
110049
-135749
708404
-594839
284594
-105432
733074
-740389
-859275
496676
-185674
-314998
-863499
-12237
-783665
-876792
307766
-235056
-568505
-689009
243068
99415
-44299
410286
-805948
364723
439848
317730
-643554
164562
-144616
-366070
638076
-126089
365389
-162989
-623680
-489522
-709198
-226352
985283
203765
-497505
-761631
121126
-145187
536873
195804
-965048
-215306
-650013
494122
-687064
-692275
-780865
246720
890726
274209
-647816
-454115
597967
422205
-89901
481214
321823
301820
-323779
-245795
-294474
315181
-838945
-30544
392187
-268770
-384308
853553
952856
-278992
740326
542889
-655939
-296218
-136806
-905870
-378511
96828
541648
310978
578989
-367647
591578
541735
87126
53262
890992
146984
-700141
-108289
-311160
286501
451133
652006
969948
-266474
-619951
825167
-238540
-220310
737727
-976626
-356838
643354
763404
-836343
-25923
-565267
652572
74308
-276356
29703
968949
-626205
-132144
450371
-756876
-69527
-125764
163390
215264
657949
-260996
482973
-990577
808061
-449494
644292
-960218
-447491
424006
-433092
-13929
-958253
-70316
-554802
-216502
-579469
-531375
115500
-218646
-576212
-353211
-633854
286640
873066
781808
378775
-309159
-876346
932426
728565
-245722
-910066
148218
-443087
-533798
952038
-848615
76479
185177
-751456
643256
-134077
989093
-993623
-842413
-845805
742492
662066
-667537
223463
-797833
295127
-706966
-124695
993181
476872
910528
174381
-470843
986095
511655
299234
-499300
-936449
757112
-553150
-764827
-870510
-706312
-166615
-527324
5173
37233
-446719
257972
-980613
748787
-620614
-884957
-646125
11951
96821
357648
-909550
-599788
904795
73108
-260067
-880924
-74747
506451
190061
151379
-474466
749729
541838
-208210
9084
-381283
666221
-424292
511735
-234498
-516096
-600408
339547
-17057
893692
845336
903983
733246
208074
926982
149437
463514
963063
-412527
-956458
-715330
-475380
-397554
813190
-294627
-579861
-645948
494967
-764500
-327294
-357301
764890
-803252
-453851
871880
-593633
791347
306755
550060
-945046
-504847
-65472
-152679
58239
-224960
86954
-142111
587465
978271
171683
-243670
282113
-32719
219981
374995
740063
-885429
-85003
-65571
128764
299685
-963878
-222041
956761
956771
-348713
-911243
-686281
-172390
400478
263828
46828
-323240
-223910
862075
-498469
837515
-519442
52310
809127
192533
-93843
612784
-255888
-130539
434390
54554
142601
-575762
879384
569848
702379
40729
893815
-9486
-831911
-801159
875099
104078
-417654
-515899
-739928
-113223
54648
443628
-823566
-334333
209864
-419650
303093
-355768
-41172
100502
42026
-104681
-99436
411080
-280485
779585
925163
-849756
-361867
-955729
-862373
417578
543127
713588
797894
-743519
282297
-660839
696578
-12813
-952930
-324135
324657
509078
648632
699914
281043
313068
656804
-879251
262864
199310
307664
922427
-380031
-882397
597925
568114
-562864
-284153
391684
-443981
277898
-857851
974805
722894
720218
627027
-839293
128020
-517006
-377756
-706961
-591297
872140
-460625
-568339
719075
334850
-449221
369041
-25970
906053
-510926
47961
-48006
-473058
-372105
-145575
-250676
457387
-643142
-723698
-551673
659159
786333
183769
-877372
466121
-578113
758154
-282374
-147226
219837
-951862
472543
-691675
139941
-617517
-537989
658197
977844
-432456
-965341
728358
568971
-425024
51744
-761912
410909
353899
-827761
553641
389766
-296829
363435
-110141
-846490
-391831
-3141
-184878
-313296
-760616
-184275
-896537
-741356
34390
667498
559870
783199
397509
-734403
511943
312770
915226
-519900
-41990
33332
35011
-544381
349080
995131
-261495
964826
-558295
972985
-925648
260932
282058
-854203
-846634
-66755
890838
-370903
871120
-533746
91008
506245
-282894
-7496
-453630
-615655
874575
-702458
-826289
383138
-70008
-961808
121404
-360826
-540112
298272
707777
260830
-710713
-745248
-713463
-36238
877200
989464
266492
-292476
940666
115974
440429
-447036
-617341
-40504
-69358
-719373
-464682
806135
-903265
500573
616227
-994668
434130
303743
-27504
-921119
-382099
-505407
-373645
-937276
983269
-193361
-681419
-417059
54292
959609
-386383
-961774
-667588
-729032
446326
323523
266650
-804429
413989
-744514
543396
-857410
-178999
391505
875870
561063
766227
634331
-710140
893264
372651
-642567
353260
-420763
3863
664142
-713177
159927
411910
-39833
999256
-66958
771312
53255
-311663
210276
101615
-731691
550406
596374
-334459
-710667
-797587
768784
-603779
-747035
785052
-72104
-345138
-484542
855773
272967
-433348
-530179
634821
792019
157870
588380
-175779
105275
300755
693054
-808856
873339
-483523
-33011
-811378
82480
-965136
530371
-943150
720971
-732018
-420853
-887417
-208939
749521
-549872
717413
-417511
-788523
452974
436092
-524385
541775
-434793
-910318
-844389
264653
-348082
-766520
-940875
-948428
197531
224858
496510
-657372
-96148
827502
-509154
-555465
-933284
-610613
-422430
-170030
-652765
813199
590116
928203
652594
669979
806237
567663
-330135
-979787
685195
941400
-717040
-64563
-764693
238625
5285
361817
-759390
-60785
-76808
116290
-22623
-770565
127529
-305566
977001
938682
968612
97991
-165325
77260
-721362
-698075
-115329
-885435
-272012
749389
-708961
-936383
-798042
-204716
746605
-730445
-570190
-958802
-916247
-690662
744391
-189163
772873
199813
-76064
511619
-728503
110233
-94715
-446810
187443
616291
-232933
593839
394207
631978
519389
-219170
-576722
20003
583109
16297
389242
-385812
197935
660418
129407
-9022
490569
664989
828215
-838181
933114
855694
-201481
-482676
-334949
749879
-595059
-464434
-901901
-700225
183666
816662
711844
-356188
288245
91146
541345
685421
-691383
-351934
-984833
-566238
221979
484920
828200
421155
14812
-400826
-653239
749896
575169
-888875
-485462
-962723
254758
90240
-430728
739249
-382437
722609
209668
842358
-435700
967504
-277140
258812
263558
-415598
259172
129960
13632
-949957
658340
-73359
-773148
-506900
457311
-217411
386771
-45096
688628
850508
-335694
-317880
351540
606246
-620249
49670
-909159
791366
-59794
403218
-795678
941547
856118
516923
-466196
-742136
-587137
387715
-802656
492325
-400074
-963475
-592945
-386966
-221322
-25942
869167
-452839
-302222
-559425
-878987
158261
-158324
-293957
-999539
529029
63718
674475
-133444
-438871
-149373
118499
734447
102864
-315461
207726
741797
-50713
205423
891067
-526247
633445
-575134
-150385
-722266
-836764
-587559
-376172
975051
936914
-523864
-386399
256380
722649
684874
-245581
-519451
-896361
890278
-650182
59504
537705
44445
687568
-1656
509316
611081
721394
322637
-138420
536081
162934
-389753
86086
422493
-658858
-791819
396404
-826844
96124
657398
639127
159823
-861120
-276069
890618
-561526
903838
455009
417470
226482
-876583
367313
-471348
399638
-341258
693899
787352
-966077
411645
402302
64583
413498
870034
594388
123617
831071
-158561
916477
269922
834411
-830087
-903179
145303
-271847
-391830
-921443
-789294
232688
-319141
-77946
385390
831890
-100390
-941261
-593347
741009
-228877
494277
97834
963475
867452
303467
-145813
607324
-758087
210518
809076
64108
-431169
619144
-181204
740634
75395
-296890
278903
348509
665394
741048
-518333
470390
634221
30598
-194364
692084
-598189
536586
-297085
346617
971141
-494244
179067
-255404
-225052
-923574
670245
27878
835266
189788
224413
766939
-134694
-487281
811863
188696
85191
846303
59828
-281949
496410
179929
310786
536210
385021
-84475
550258
-58623
101834
730256
-939509
209831
52597
-16770
-786023
-48413
389904
294994
199097
212207
122933