130195
504203
-320508
-849029
-281719
-844037
990126
849733
557101
-888516
228036
736977
210205
-39818
-329152
-520550
470942
-227994
-374707
-742717
-618590
74359
-120107
-80643
-765994
462982
697031
891217
-714246
637531
-599104
24135
79587
363410
-1793
-196872
-423362
56696
872052
-942295
-803054
-504078
-681258
570461
-221149
84175
897277
439404
196971
800802
-174532
284660
-159520
-291190
915177
-979528
665442
882659
625718
-470980
-630790
-394239
731030
-140631
-95830
-796916
920782
-196580
-215131
123617
-159630
-218760
366551
638259
-340595
-472119
-563429
-677501
987459
-389101
835102
-265940
-868940
-924191
906963
-681204
228377
-473864
-233014
421503
-887846
-939096
985254
10591
-731289
-965470
-540633
523264
-520363
-5021
-949650
-444462
72727
-479016
941471
-886253
-140487
152658
-626973
-368389
915032
-743555
277137
73496
315043
-646886
955737
-58454
883694
421359
-692788
-755191
690259
-531305
869125
490785
-788555
-68670
-824730
546004
758996
-543252
-662901
-548478
-709630
-736379
-485401
258006
-158025
940917
-570080
-566857
-747794
813225
784099
888017
-138672
-224166
57223
665018
358033
-159296
478476
316629
-869218
731807
555624
673515
67554
-40161
-744856
168323
950194
661047
-867397
338112
395486
-5803
-884707
-191305
586214
800604
-74492
24358
-441846
-122679
-140407
577046
214529
-729718
656225
-509796
-402077
162990
255476
64290
-808319
725455
497229
-82552
-289546
-286343
407056
-86768
-602750
-363924
-126173
-3615
880120
-842488
-426371
349374
861743
-291398
-595822
735981
127742
393310
-80449
-614818
49778
46863
-870381
-81638
581765
-905089
-353014
-549327
742489
195320
-449055
146486
849686
-233674
-854599
940854
158675
-260385
-902282
951916
685498
-879009
68028
149328
-815404
-908502
489202
-419722
71450
-514719
-405952
-197289
266451
455742
-547233
-723919
594448
-431033
379108
672245
313568
-333177
390232
-879980
-348276
-306951
-304133
-518185
-705330
-161060
302668
-859448
-795604
-367623
798859
648028
-465720
807021
-566956
-505552
941516
-288682
544463
165472
-61975
940082
577327
-457109
59518
115126
-799434
-968105
333372
-789779
-929915
502012
-835167
-305627
-588379
579817
456187
-673199
820511
-607770
611637
-959897
-516283
-885476
-30096
-670273
-301718
217254
-513312
-222719
-365505
-273545
-130846
187556
296922
791333
-746554
-27236
-773022
798994
965366
-483240
-181252
56878
492578
370168
-775130
-765033
-202914
112668
-46872
906768
-148352
809607
-785111
-168234
650761
-932746
-458811
535592
-694699
699237
-953715
-677803
85338
623941
-521064
-465193
-585167
-550785
-721720
-620129
378276
255134
202387
-506015
700342
-738451
-927679
-258822
531774
-726097
505572
493225
513316
677900
-530838
36618
717365
-80936
219166
641658
-290161
-210174
-504678
426276
-314070
-820066
64126
-496626
707674
566219
154161
675262
931874
-442204
-478151
532191
415928
917412
-106078
33998
877347
596186
323741
817054
-4967
-531694
170403
-429488
163050
-262399
126565
470651
-656832
178273
804456
-111552
559130
150903
-646423
-725470
-709029
-679925
291299
83004
-31396
711888
232772
815302
-279067
547719
-286789
-656981
-976900
479613
664562
833800
294565
-600266
-709471
766293
-620671
-642941
-77859
-379482
-286784
-739223
398671
978108
111214
-863822
927683
277174
961669
947604
-330145
-355178
331258
783327
-325726
898631
346789
-862477
60320
-110938
60664
-430191
409378
921134
-403413
851487
372698
60044
-90696
544629
-376068
-31236
-406742
-501486
-215217
-613819
492211
-282193
-662058
-973329
-510919
506076
116456
-539698
830930
352681
79404
-306204
511001
-867812
179207
-869587
95589
518822
156162
134311
419768
952160
-461160
-843374
632331
-823268
113181
956343
306606
719144
361531
918305
-592652
441927
-102000
-325667
-346334
-582676
456670
-913619
-393757
-288006
471048
-665660
-210389
335934
-197398
-178259
510527
-249472
116000
-540057
286416
421128
-273201
-910412
-28407
-128160
666071
676590
-109795
84881
-479111
-798626
840127
-439420
77470
-472117
338114
423369
-663739
-516359
-857912
-675364
161899
-813216
-149231
835806
-358333
-962753
936028
964943
373789
838945
-471691
-388250
-238145
591497
94970
-188133
-76405
795688
499826
692392
387529
334043
648355
-124915
576453
-600030
-941051
-731989
-590958
-205559
-637915
-309888
-520763
14950
-539029
883577
776305
-612562
-563364
488201
-146392
58275
837228
-848169
712063
-22970
-713193
-968486
284345
-473679
847723
459130
937679
776222
331439
714056
-705143
553066
231889
455766
121617
349149
594658
-727351
-656756
-898214
453304
-563398
-307544
926838
-334954
-709369
-763343
543517
426774
-683298
812912
66316
192954
788649
-840566
-785677
891194
69197
-792594
65060
637627
-312055
110383
-877138
246841
-852709
562716
678108
898525
537466
-73641
-830218
434815
-3636
-78057
-562513
859542
-431516
-168619
-254873
674153
738264
-497792
177214
482165
759698
-280434
-132556
707675
-663824
-729789
-576479
-925248
-514037
-310497
-393952
278179
-821671
-363084
454274
-127256
374069
409611
-365488
-943621
-545898
-636327
152932
-591600
-62506
494190
851684
624189
507169
691676
118167
122048
-471006
190435
-101266
-56937
421831
486507
-584187
-173401
-910373
853541
-977931
382016
-752573
-38891
-967833
998057
910117
-940026
991527
-609325
-639242
-213291
-673062
-263907
854359
-473331
-275660
130389
-586726
711410
355287
-760647
-612763
-336036
694250
498462
-901151
-329358
156603
-657370
-268750
-564526
717918
-619680
-662535
311249
-419278
-937319
-227823
-53886
-751339
834657
-407949
958492
-152921
-503262
687955
168004
279810
-101064
-883850
777651
-859829
-175252
-972763
-184494
-253080
-314089
-617932
-54219
-819778
258780
333701
-968203
-669602
-416434
585524
-713119
455446
-478000
-309164
195395
-114798
974089
256648
-581328
782192
334789
53699
573056
-473084
819167
632356
-847476
906361
-360314
-384019
893379
-810316
560218
-255256
289821
-792538
-895563
-989377
756774
-565199
141657
-200840
-682210
-268600
3896
-339683
80291
616317
-626
-394913
373715
-958782
482060
972813
98737
-435065
-347865
-230158
-499756
-289329
-284181
-719189
805472
518350
253323
-309300
-807217
-527968
-994285
904120
597645
-87176
-21486
-200248
-826433
608109
878355
23463
809216
-646794
-680436
3985
916117
118309
-170033
894302
-571415
949767
512050
294266
42976
840004
-688407
-194080
533455
920613
-463147
744969
480113
-587997
-278514
549077
-531686
-743127
164790
-284580
422475
291239
-675327
-789847
171340
745109
767682
-262545
-778201
-830597
-536726
-428669
428264
-359540
655043
-272078
-476987
702974
-952145
892131
-551951
-194140
173529
-373127
394034
-605736
-991647
-713364
509041
421842
-603608
-655613
-762441
803774
-400326
-576618
-218604
849287
-956544
146204
240882
-764354
-649076
-845922
353966
545319
842833
-616276
799551
-81260
-355725
144324
577656
937955
-208375
628445
560321
-832766
-218492
-264554
208689
332166
-15924
-300389
-679874
972362
553574
344624
-328634
-418381
37410
380130
874083
424894
284830
936740
-420957
167876
768053
-511977
-412938
-637219
-98009
-261534
-261605
-836352
850126
637469
173256
864814
-569767
-105093
-125413
259835
-877880
-391892
213722
-948465
-880416
986395
-181600
205948
-923061
-229761
471548
-471044
-213918
190815
367523
-261115
-516011
291050
832390
324697
-322058
-622874
731453
411434
-308912
-973113
-692121
84910
-430873
268200
127858
194274
511565
-153400
-614313
559285
-166299
-184016
709236
57243
935248
-43690
-910379
-282494
-175506
-422123
-824601
211823
-677999
704434
-430535
985900
262125
182977
346481
670366
-40819
911133
165866
-110529
-494983
161070
-564253
664399
-882543
-914418
-974896
410679
191407
333953
149092
-39250
-331174
85910
910384
352857
237528
753623
371576
-726224
460900
248687
-355803
-303172
-871238
550786
927439
-588959
622596
972090
-729390
134818
-11865
-941374
656087
-784217
72356
-665127
-64568
-989472
817017
653705
-153235
-665339
736802
-542512
-692185
773142
-243890
491643
-743056
-497051
-380143
-421348
785247
-746706
-172725
860925
442948
-700080
501195
-482763
-596058
78580
-455464
-388213
895761
99652
626623
-102380
-214313
-949760
245329
576645
254662
-324079
-603230
-506993
572819
-880584
-395040
-912774
-974322
-399507
-670167
754311
138129
846120
-264103
563370
-672097
262905
417297
-296977
-510973
-298506
-736754
-639346
908416
-67387
-781837
-331286
-958334
-560904
243980
942753
399775
-946784
-643539
78757
-524795
141097
-59987
-134008
-314669
187394
216923
-779709
427902
-867049
892313
-390476
-516419
943061
389543
-414251
330360
-183769
192255
-274227
738043
314559
899787
384117
-319008
-987132
656776
993975
917724
-737993
3217
-519558
580
-898760
-683992
-616396
22050
130416
-255166
953672
-286164
-895741
776236
-598608
314728
-796593
-618886
301804
576112
-874394
363351
-82978
-760280
-17019
-19829
-223269
749742
314753
-108216
-816686
-981897
371653
-384539
842385
-331099
508421
127719
66949
-386140
-192614
621406
-968854
309307
-836535
-249682
289904
-257018
610020
-731231
244539
263283
295776
-247668
421442
-784108
-364292
-907419
-632122
-606384
-389917
-903991
-606129
-557511
255237
-882991
976070
-72664
-310277
-870520
758153
888223
379849
-479738
585708
-657916
546390
881991
-921241
-886681
-664660
-487990
866149
994991
753879
168200
-938664
130166
-291790
296786
-736762
-253600
19885
121748
-494197
436595
-854744
87463
-715421
251213
-903480
-581181
292342
58499
364468
-368260
-729686
23360
134020
-130151
157885
232037
230749
-241237
722805
-434395
931798
-875572
426776
63152
-962944
-739816
600494
166212
-19797
257697
224564
-778436
-287508
-31592
965850
924264
757481
194922
382523
-732068
-532056
-314484
4909
27999
528737
830529
491974
457290
-368256
881792
922883
-298140
60691
756779
-279842
500969
-281683
293371
-693084
479864
-904725
-600834
-129837
627896
-531490
-331898
-121319
-352628
-901335
-312576
619400
804899
-266337
-337801
62463
716061
-539967
-51356
320872
-9744
925765
850707
-249888
-78511
-579891
25533
-484029
784435
168525
-201451
921386
-277216
718926
-612026
-193221
537121
748262
-66485
82726
-105040
-755024
-381910
-537996
767192
-736329
-640241
-969172
-357856
-399124
-353351
-30599
-358810
-980673
853
613792
805692
-148483
-452945
858134
-858978
191045
48964
-202825
-325282
640295
814325
861229
924540
779556
9707
-921255
-903880
-834685
-218689
21695
-865602
864167
871464
-379245
675774
202114
856335
-604439
-348406
604618
121956
255959
-545594
-936966
29789
836920
-917342
-469799
971078
62074
947681
-383788
955317
696843
-993376
315272
637259
-145061
852586
-71691
-700359
-67997
-120755
930813
784454
187226
-542654
472975
884901
-653875
380068
-427360
922763
855278
298392
-611716
-364002
587528
-895288
-219477
-650785
88046
-76628
-91373
-283964
872771
-726963
-283238
-896300
349651
-734833
737161
-696836
300378
866854
942902
831715
477880
426552
194524
439043
-34211
-271898
-676983
-106079
74767
499608
-188261
283428
-539191
733139
299176
356787
-211927
-993130
495702
267960
-377017
153877
872133
-432168
-866317
109333
202323
-816383
-273534
-241473
-873737
450736
738569
866758
894496
3544
16566
805367
-627064
183634
740905
812941
378067
113445
-276557
-353660
789586
346535
195303
-114828
-361408
235588
-296798
543172
504976
-777587
-210120
-949266
-748773
-665097
-612237
997627
-60
-401846
-932800
656770
-341697
471804
-442597
-249014
632207
325819
-725816
668856
878200
504656
-345194
-506106
-827412
-970550
798834
626211
40243
-7692
369479
-847992
784910
39510
-622247
250700
-524613
-11558
-69654
554441
-235535
330829
-486598
-12480
372874
919167
219561
-567117
-218851
823186
-677489
696869
462301
-405619
-417196
-406728
-821396
-977401
563798
-789343
902672
826680
-721132
286151
437788
-335655
967903
-295568
-882684
-304158
305086
-518005
69299
67658
-469409
-795610
-740625
143144
-705530
126517
363650
838013
364286
49928
-396080
424991
598414
-745709
-364758
-643228
103590
-201042
-139441
373374
-113262
787479
-991678
-122003
566306
-796015
-118069
522640
-676665
531300
-933719
575097
874526
376709
-760892
307484
981084
-308830
483507
286951
-664735
-126190
-66268
112392
-642835
457662
-320024
852568
-316500
-196760
-956888
841433
-102693
-127662
954537
647885
-749604
-206153
486484
-348968
-240540
-860405
360524
686095
223705
492078
589330
-429904
546384
96846
192555
921172
-43110
-763352
-760046
522281
592823
897416
380065
-916456
-354243
1649
712628
-651303
-890457
439964
733023
-167139
-373724
600000
100985
44450
435250
972299
-190374
-873988
-158555
-57248
513365
758719
912892
110369
-488765
-926755
-27143
-482084
883638
888614
620131
848866
-791460
-421400
-875205
-479440
-530410
-881069
-719810
-477036
-892038
-238364
703777
-886886
816865
-150745
69362
908435
-632163
240209
-295327
374155
-227155
207026
-711072
-23060
-435975
345867
846839
820442
-466193
719370
362907
-856328
-999450
-669947
-797698
765089
270964
-974060
887484
717194
534802
-546178
-910299
629187
-316936
-592707
837563
325697
-346756
767052
799173
946559
-461676
528083
970008
107502
304750
-485985
-55791
192615
-965458
144054
-850478
-116097
456912
-483959
-601293
836279
-194521
759006
-494749
284305
-919886
-6146
-845883
959919
-801675
574676
-565070
659883
-297251
-643113
564045
486142
-517104
380793
-469555
-341925
801970
-766920
-994849
602523
166447
844791
-929908
984437
136975
-444502
153073
-213861
24366
-8677
153818
-981866
-910157
-880384
-5169
-676199
208942
919491
524052
86167
112782
149535
-683389
800399
-723801
557104
-51505
155792
982317
921250
774967
220286
397488
-672230
-496110
271774
-603882
-582711
-877120
49274
-134210
802314
-563221
81820
-743933
519607
-900641
215541
-30514
-544355
340892
-237217
-136347
-635498
437953
-61927
-320335
413613
-511903
-727756
-5904
-726530
157430
-896426
369124
-829825
209694
554529
79431
-289747
-244805
-777256
733700
183650
-540663
-760039
166318
155366
-25403
-28765
-109038
-330305
-75559
-150097
808584
613879
612597
-912510
-868872
985746
-212767
185272
806001
-590500
-385719
767103
686678
-660085
-361302
113735
459746
-707924
-682231
851769
357493
-599191
992038
-413451
613349
-656478
971266
-833785
501374
526308
67380
-203874
102843
-125784
-356249
-761619
929928
684007
-635890
-822744
-62499
-110496
157193
106647
433550
16624
993974
-336790
625883
-943023
-563305
245597
-798999
-456968
-723824
789145
-15682
-880809
239032
-908114
171225
982826
105570
538313
669650
459123
397460
-506744
-670433
-232003
-990314
99006
-972099
-421356
592852
747372
441361
772202
-106380
241305
359904
-254687
167815
-283057
921013
65050
373300
-591940
918122
461646
510302
842013
745090
-483261
-3102
-168777
611800
-530976
642934
937459
800475
-111272
-188147
-843531
278548
-414915
194113
-594087
42227
-250159
-622860
-687039
457377
-799844
392162
-838884
-808434
173045
-133165
538513
435054
125229
519824
274193
833978
-212080
-277130
-695515
90896
-347921
238695
155702
847805
603197
59209
18630
685815
644054
371903
-460918
-617969
790478
250271
-496130
857277
314653
551316
-67675
315804
130479
-360498
154894
849290
789878
-217782
-434905
-839545
-632801
-178062
582458
-426412
840626
552131
-433656
-161131
-937559
346134
596176
-8145
157140
600235
-295019
974326
-579430
708409
-958305
-953416
595520
265256
824339
-135567
-697957
-395275
-860446
550330
-189499
-170368
-635176
280235
628049
133519
-543002
-354238
585240
-495392
-483445
-256442
-292157
-229092
772337
106192
493432
949080
707830
-993906
-174006
-257823
-990153
75759
-701451
-576396
896301
-575519
-545566
-923330
-97766
-973588
283633
-95260
-13859
-918932
931607
-557546
-148118
-550599
-877991
-793798
-593805
130627
29093
-409322
-437153
-143212
-237662
-937251
-730896
124759
548369
366914
-798541
-961475
253509
451139
617832
-807540
633289
-299540
-324773
-140898
-728813
-777479
740291
-89449
-790239
355341
635951
730460
-811457
-695739
-449007
566978
-914361
-939497
59304
84080
-763658
-747826
-622486
655692
667940
690669
336658
-192372
451456
561463
-567014
345720
-571499
51316
393766
151473
429772
-210960
-901014
904279
414546
381228
-446846
-943637
-948916
-526110
615402
-413857
52493
-959600
53876
121397
-447858
62024
692992
4506
489500
172325
675929
-279820
386488
529543
-81879
-400720
935970
-736735
574615
-249093
993033
-474779
788181
-987514
709401
-850135
-674467
126372
-671217
-788909
-749719
648764
-509592
-222499
-942227
-37149
972755
-71870
265104
-99501
829490
714877
-121510
-883980
562759
-146829
374751
-874090
-196745
-155888
589849
554234
146848
-377837
-897940
78583
-803566
114069
-514724
367916
-44107
516946
873883
640872
959876
132972
-937350
-437124
342838
-458387
305536
332529
-673752
-160216
-481873
88139
967857
-409823
101282
-975078
-789527
-800201
-511947
-977279
-50203
-713256
-166137
676306
510551
-226382
-481612
-834536
701175
-702934
-1011
-482097
-438169
737230
-473634
176169
909057
34255
-420874
-167854
54718
60055
-255909
-982436
5458
317877
720143
414394
-417249
355365
-929974
-223183
-809874
-159679
881320
485537
-326534
-301580
584395
-129170
382614
-499686
-681604
-883696
655151
-513747
925907
-516240
919473
-776438
-236255
-23435
-532683
500204
615607
-481034
-327162
284394
133662
571743
-397930
12888
-349033
-142746
-520682
507212
-159786
692451
58895
-239802
687607
919020
-409498
-485037
281090
825811
121491
35433
-56566
364918
-977405
800199
-818226
-780426
-199026
812880
808682
731665
-634173
97871
-668566
-307091
-219137
-47606
-668303
351280
-299888
-580383
583713
-565974
491626
-794725
-106417
-181271
526398
-473814
33219
286025
-289878
431247
183872
594230
-293666
-689089
69103
4424
-753181
489414
527125
784783
752536
-39276
-968129
915515
924135
426786
899586
890093
-569986
-601580
-436696
-614564
327608
348159
535872
367468
-937756
-367234
-755338
442361
282592
787388
989185
-679861
948478
960239
-146741
-291651
-250853
-326264
982382
-235539
629901
-897826
919816
-362505
-490709
426321
869331
-975925
-356584
750233
457090
-749176
-173256
-814487
554713
-944951
-731997
142321
245906
-850598
-223519
778506
297328
124507
330845
-7857
-21491
-335562
527779
358163
329440
-538567
84028
-389524
-330039
-587767
498237
438590
-625682
-311978
-95715
779619
599554
254377
-819798
-538707
-675198
-162442
-222305
689936
397492
478115
606901
38089
-264307
858716
190503
-750522
61861
-444404
-578202
-220578
-464683
356155
-646622
-470503
75561
-813390
-390645
-436281
-12164
-620295
868794
863691
447560
-462414
455704
-256738
-972833
563672
-902218
708356
552122
659826
899499
-22842
-752480
105046
-872467
-134855
-930982
728109
-228000
-962990
428585
-341777
-243546
-897682
958306
-766146
197456
-566007
718857
-537147
353398
-663974
19554
-986319
570084
164520
182200
-278692
270617
447622
-698010
96107
326576
-549492
410698
932569
-174781
-238571
984090
489916
677563
652172
-724775
926324
-389052
-785804
-896376
881471
-711149
-786003
395731
-728204
-361666
-57904
976493
768481
190135
559656
552269
735297
52032
149250
467354
-644182
21313
-352850
-345122
22539
-735629
246494
17641
64990
-407254
628244
132699
656684
20061
218692
603047
653698
712731
108609
43032
452472
-250397
-978228
-934451
-773095
3527
-765547
690515
501658
-94963
451347
-260519
216696
286169
292119
-778457
-457653
846199
205584
-349321
867218
-967059
604017
-424869
990529
636959
-209868
122329
797092
-855843
537082
204508
72440
-353974
122468
-158632
-225884
-231531
-992203
-351338
-445314
-746486
502635
-995335
-618002
260780
860514
-149349
-877720
-952887
843903
-345500
-837668
937742
518480
424748
-214395
753971
-433760
288326
-110188
-1277
673945
72394
-857211
172498
-160902
573276
455728
-745824
818080
-490703
894291
774514
-667509
-745197
760031
-686317
184164
-917414
-758665
300014
-69102
-906310
534600
-881711
190276
223349
-123873
-919178
-161763
-271501
476625
-467602
901175
441796
258494
-479033
-193854
346362
-652143
16066
405386
194299
917110
565644
-163087
912438
388472
341239
249247
245454
981348
621910
480966
-637283
-57530
-566728
-289099
-856070
-20755
-983271
34275
-774253
-954787
-306107
-943473
317519
-399620
-748694
-406774
-836582
971660
132292
675702
-99326
751815
-385045
846553
708042
-522935
-295520
-912616
-352054
-251273
-273075
449989
876004
-336703
964332
27092
450285
-58004
524516
-558047
591938
-270745
790845
-146360
291995
364070
119827
221941
823169
-71522
99274
412305
-857795
-978693
-814928
-836466
702248
727741
-198601
947875
325585
68687
279694
-447589
-746246
-759858
-828049
-291497
903158
312338
861028
-119659
-952566
620660
67327
68738
999480
-428987
-667
-943414
-466785
-389323
615531
837241
991976
-563907
-946631
590657
-732349
-634619
773668
655380
-519366
-909685
663545
-283632
-203188
761301
530979
660630
236235
-434284
-686386
500635
-631984
-190055
115409
999462
688299
-349874
-419127
-103610
-672585
-976908
552095
-706055
-478760
103458
404754
-239767
-493934
-622140
-692987
603271
-462395
450975
229205
790542
44564
29495
-361638
-715767
906207
-635489
-754212
404471
-260579
-56249
38788
293723
198160
978658
-609078
1826
345064
466800
653410
-583129
956658
-180181
-62708
531890
657163
200036
-353427
-257495
-176002
-724838
-958843
-976770
188985
-200840
864637
473341
465862
-373826
-300753
-472978
-462373
813373
544028
904771
-524574
974299
-546183
-542097
-83789
60594
-269541
-213516
-590104
280833
383542
-188696
-363103
-516202
-439024
-417134
15475
-606329
-605517
-795992
-452160
-817806
517527
-934164
-526774
-172992
99036
-402861
-10586
324539
773699
827427
-923734
-180267
-121118
76976
246133
507264
961174
-471933
714885
619139
-995317
594463
100140
183281
-819372
283641
-602947
-750228
-164829
-900752
-389674
-686516
257385
-159493
-663879
-751553
125619
966696
128968
-994631
92060
-145759
702235
846365
-77275
-637852
-365841
-86610
783500
-16026
-971087
660346
-36710
350890
407111
991833
-871296
-140457
-84784
193289
219176
842810
-925063
854940
279119
316466
832684
498972
491648
-998079
697151
-82362
304529
-824047
329092
485174
-862683
458382
439670
757765
-504203
-890314
838376
-6681
969785
585344
-796583
235970
32052
818787
-646829
490672
-797550
420348
-489760
375319
-673503
-719527
917153
-415811
-259355
849497
106866
590878
-719970
773416
127064
-507642
935440
232466
-617901
-498033
-88592
286557
-17070
-656621
102143
709512
196516
618442
-389858
513004
736822
618013
699067
-314881
202515
627518
249236
-843714
767058
-723060
-278476
-160086
258228
-326918
184665
-658571
-870904
369119
979001
-952670
-476078
547295
-695231
-605033
-974017
-22215
-335006
-296816
-915894
-164360
-903763
468938
-487745
-485525
339282
-167558
756289
583198
413349
857792
-598471
998325
945856
-378868
-907491
-866327
-316711
484676
-553339
849043
572559
442470
517822
-734481
-710073
-306353
849346
-528759
151728
639997
-546316
270134
-324402
31931
-409439
-180363
-294122
962668
-773990
-978670
-681466
-737484
-154155
765336
974936
844480
551326
-14608
266940
302086
-647684
44087
-347461
-159466
-272769
635885
-263322
97058
-116069
787900
-717799
-521594
910352
921348
-951398
-527816
-450661
-650786
-394972
66575
-97350
959267
814192
-993563
252926
577819
-231986
-998074
502883
296711
375987
-336109
394899
341794
-254782
-955186
640065
-76860
-958162
-224141
-147383
-710526
-852707
720832
833123
-542452
679662
-937778
-74652
-263919
-298350
-532273
540049
244123
-276059
-694074
858008
-14178
989306
224454
360859
-236894
585009
54464
-532994
-886653
829459
93121
-928751
207819
-654998
-255717
154411
174476
666639
-678069
-232289
607320
-31436
-697469
-371790
-850129
304960
338484
80983
30869
-914486
900862
929100
507879
-935453
-119908
-629250
383489
21584
359146
-612826
265180
-554570
688832
640139
-235391
988483
-155708
-889564
-830547
-523262
418421
878006
426006
657716
643773
36873
913116
-402395
-42188
300711
976075
-900241
-915417
-266168
376755
-410550
-596199
-442180
-370651
378069
-75868
-721396
-110267
244081
-321879
407319
192986
-594741
915520
186325
-872113
-632468
-986940
172071
-742407
-935382
487897
-629046
-685297
-533869
493840
-311855
489996
459880
-872474
665415
-942930
-286935
611987
-103626
-120155
433315
56325
-201364
999021
-586834
250214
509494
-860470
-52527
-739513
-275420
-396995
881361
60120
369
-76910
21935
164682
-937676
-945908
-908142
169583
-453986
814798
-706465
-29174
-492170
250622
134350
506245
-874013
-860446
-78623
-839079
713609
-897676
-2185
-792344
171504
442115
-389871
511253
-954755
-723749
-884061
742239
-122534
696060
-909650
-663587
-293958
-660345
619137
-35717
302718
-519673
-511318
-505586
541749
-442823
712756
-392170
-404426
-488787
-322708
-177206
3494
415594
334876
-236232
655937
-69738
-66768
492394
-82097
206208
-566247
-56762
59998
-69721
-465913
360976
405190
690184
706102
369826
809326
560089
668470
628297
-511964
-274352
302280
839832
-622487
21646
922905
663968
-579686
-198245
923590
122269
-369453
28278
896949
-100231
454065
-948243
-79870
-238306
209036
142001
468737
958675
-160589
263912
-271912
164859
324455
583032
414168
589751
-105222
-268773
-598969
-762360
-694003
333082
240283
-912347
891962
141178
236223
818761
290960
322204
-795957
-424966
335502
44626
-430193
-926327
-293489
972105
608775
905063
798807
856023
-550250
75804
-200327
-938564
-415585
-29396
308316
-864473
113473
113555
557298
-16230
-363878
861754
-555487
877046
311752
-42812
369958
870204
723667
-86899
-361833
309127
-701015
171954
896317
484202
793483
725414
57082
474776
672909
-792012
-975819
-511355
-127733
-595820
19079
170404
-530549
709751
385118
282873
981566
546768
841223
-139180
480947
627351
-90660
509721
86235
502427
656683
678201
317504
-587518
508663
-830543
-651154
257456
-826038
-40932
-573699
911378
-308430
866726
-499707
63179
312818
-803155
-456533
-21987
-430356
-355127
-441495
-704005
55148
-412148
125987
-111467
905535
587660
526970
-419709
543766
-609599
891525
-140809
-373994
-627408
380424
-784080
-258992
-826110
-808566
226019
779291
455314
908573
-110973
334142
171702
471454
350021
-602396
297010
503014
599027
-529822
774166
693583
975585
238022
-924374
237915
-656504
680703
-581718
-154045
-642449
529216
163391
33320
873528
-598338
-361444
234466
-934008
-410937
-988151
-364658
129074
270070
-117360
-917883
-999986
-967523
266259
643892
864945
428803
-662475
631739
-827194
768027
32043
780160
-737900
633079
-839033
527843
-201118
-962768
264077
-435760
589975
920341
-755114
494766
771354
585455
668300
298823
76934
412697
847209
-866825
-673935
-825922
209348
783570
770947
-235545
-575208
523454
-95055
-857778
-121919
46507
346786
-164664
-947769
-480383
1533
740352
-143728
-269271
-69008
552175
296617
954515
-86916
188146
-8057
485206
319271
191859
21671
-610205
743832
-461946
926155
436113
521416
-28671
44357
760006
588731
613624
-746856
-937258
816626
-81695
206861
119285
-743595
-786008
547811
931595
-635669
864649
-784972
-907653
-253283
-306514
-783460
-826006
-26232
-310308
21536
-652687
-571344
244790
-325598
645048
877624
279211
-539763
11962
646548
427064
-906973
519319
-798627
-23664
-144059
972861
337378
720432
-923389
-333609
722847
422775
-790139
-917212
-706310
-965323
430588
-902692
898822
790530
87677
-766576
-933337
-989039
294587
69331
705583
-669810
397341
-192533
30654
181892
649994
669054
12686
-775543
-765938
-199106
-780201
-475201
344965
-70181
-643629
627738
244617
-416943
-184355
856235
718632
906608
267047
-241296
48118
-978438
387476
560967
-337120
137873
-896143
-770552
-457508
52677
-492935
89031
409993
898718
251088
258656
-247057
483838
40121
-904822
-136290
593418
191777
752506
-379178
-587593
-57095
-847926
287949
-4047
-938569
843628
956417
680152
322984
914482
-704975
122769
322516
-809163
-254298
423542
248619
-688139
705044
-650058
-73394
-454698
48655
-104415
417982
813220
962800
752804
998126
953835
310681
741908
-274695
931297
245798
-997483
-930244
445197
-258639
-56684
296314
-745096
123856
203868
-50581
641162
-869152
920883
-542111
-703480
431321
286083
-674616
-362573
-786764
-800938
644972
-715601
-786287
732131
661207
977431
988645
-622417
-135040
-842700
457172
508499
-561113
-824210
363386
622827
-584534
-900200
351620
-117487
-834504
-427309
-6059
-258786
-418071
671888
-595118
161538
301798
-773573
414062
-974790
-455820
971995
258798
501592
-352687
300568
-740756
-6144
-372621
-784824
613033
515989
-179668
-626263
-710640
-552755
411751
735888
-171385
482692
-457574
-684671
777033
-110163
818121
-906041
873279
-868825
830400
-563394
-726450
323602
-6872
-790781
-351414
-502929
3551
-261741
733971
438109
-854985
247344
527368
-599520
275570
506934
-986508
171063
-634677
866568
582110
349216
-644180
787747
548766
319170
-945721
-371064
358733
-863057
972279
221946
673181
210589
831848
-499064
-735093
644958
647487
842124
-543664
-278663
625180
-51023
-771711
-317478
-924475
605462
410443
437819
-995236
516116
731409
754743
-678773
-573187
154071
348977
-43383
-895914
18860
793001
-449255
-836346
-895041
-817613
-22475
-962755
262658
248330
512983
-841769
824334
698573
-91482
-728089
-585105
-334988
557925
564890
976564
822584
979240
139014
960685
-47532
859223
-138099
-417773
-773248
-841688
44227
199890
-907403
179551
-549147
-23401
-667606
-26629
498035
-558646
289776
924375
-278124
112573
274107
-585843
-543279
-955307
702450
330060
394368
-551442
720319
-600383
759789
-614945
110219
-175494
-612168
955115
193781
850748
5134
930584
433342
996192
-475653
-359721
667674
659416
-466407
691539
-766388
829426
882186
-355101
-82524
-504634
-217831
-177917
-328808
497230
-256042
883635
707421
-856215
-227532
-951420
-171564
543317
354104
263253
-627678
-20445
12827
934531
113451
694291
-975193
-540612
-975771
-970117
459609
-261353
705231
-340610
-84810
393516
930829
406360
155213
-864607
-780816
-20807
-388299
7607
-668645
276608
930964
-537857
438831
-712812
441378
147137
698675
-138027
-911815
973883
101153
56981
-63935
-810700
-152422
-475327
796035
771058
34072
474337
554545
-28033
-782310
-465225
-732464
132677
612753
704901
-834074
-908866
-547984
-863167
-382878
-368843
-244454
-899198
-406023
398901
-178214
133986
897174
-686059
319851
-307280
-392094
586296
-472066
-938315
-441599
-478619
-331158
-897698
-59805
-784133
767779
980170
-7009
821893
365931
497785
552926
105343
-387674
897079
151341
-356192
301653
-116822
-693602
523171
965564
460649
323075
-779093
277983
-822771
-217388
758457
155572
-833994
-369642
275038
142836
234412
943483
-21511
-475623
307709
-762544
491818
954522
136289
-761092
-234233
937207
157115
411636
-970694
-378575
-884791
82194
434306
565628
-462242
-63566
-489989
-574756
-559152
358444
-548426
500963
-505138
-521544
-280183
-945935
242891
-773995
672417
-986584
-214909
-471012
519312
-511684
-349462
-2808
-557306
660946
-873734
799454
408239
621517
-375014
-593501
-433281
413699
133409
847338
990458
-756487
-11975
-72306
49924
739361
-655708
-62601
838911
986720
398760
-911809
261305
531787
-487158
-601392
647411
823179
559082
40422
-479234
618382
505371
-315170
497678
-882189
-604598
-816029
972800
-944075
734778
-863385
-46541
441169
-321063
-597471
-546888
437084
-295452
-415720
-966005
947743
745847
-139903
-61870
-604308
311816
862732
-697633
880957
534749
-260602
55137
-418363
819546
319580
514802
60674
-820604
737412
-647676
140944
-567500
185410
900614
770022
932197
784645
-931491
914502
-121703
-660945
-369973
-129989
-286069
-886203
242104
-580141
-723750
867391
957321
-535769
288651
16058
-798375
-195655
-645274
-676947
-672617
-810718
380544
26882
51033
679671
-961335
-187600
-772864
287463
-829778
-579386
558101
-738533
-9403
697832
-596391
-291130
846619
513169
-579878
228096
631521
262408
513009
385704
536436
-370037
-333940
-51760
143709
-612304
173347
29313
763007
238166
78976
-827477
-554818
484534
121663
-15087
-816453
-711575
699720
-118570
-956735
476858
619258
-539478
-915561
-621576
-188614
-953880
676961
55620
-196135
-726876
-685177
-548783
532807
139669
905140
271189
456459
-736941
-465934
605490
-734987
714433
747330
-626762
401040
-51950
600242
-99650
266228
-898564
-718275
813924
465209
109424
185938
814727
849284
511136
-829603
900891
-225590
932734
-458902
571338
405663
-464925
-285226
761784
152536
924765
-978808
-499560
85644
734314
738512
-954143
751647
433252
-41880
-522229
-209533
-53132
-416845
-382066
214391
-669024
-899430
-835584
-736864
18218
-42200
929922
770501
686221
-636887
531933
338426
509580
378331
903928
-912557
833112
271524
233325
297286
2092
485004
-201171
-402687
-846477
520953
-642665
-83025
911867
575807
28950
-894668
366127
-369385
-975118
-580548
-843473
25082
-746091
89112
431018
-700290
817296
-498823
362868
-629068
510402
-398026
-648385
-497003
-204181
-802562
-416209
952842
-893119
517203
909447
652059
-238902
-993416
85611
-15977
-612789
424987
932044
-976286
112564
564106
185617
-235618
22787
-67441
-60624
486517
-659524
128347
-315576
433197
-351175
-499269
620197
-285284
-244180
-759502
960416
-528654
294849
815307
-436015
-100053
-745713
-684754
584081
92278
930492
32198
-509526
-546770
818298
-367373
277185
-724197
862944
198596
-268163
815733
-924425
-176857
-335654
-833014
-931317
139239
633653
-633565
-164497
559548
71055
317990
-625200
-903923
152651
-464121
-364941
-528928
111803
-421853
953220
744128
-642351
358651
-402699
-164092
554179
327049
190157
-590168
-461770
633012
981025
179399
-488674
-443550
-614828
-815867
-530159
-587626
721505
769559
291842
-613638
-202014
-671188
193307
-955295
-831242
-996390
824431
369460
-532615
-511864
-161446
575652
293714
833430
788955
349697
399800
-209568
992384
650658
-598276
194375
-64521
-221578
-629116
617780
131153
509965
-90087
-991354
-839701
-936099
97387
301074
-550590
-18649
10204
629401
781408
442237
251561
-787073
346903
238556
294640
-923831
-986406
770455
-801650
216085
406223
435527
460625
425109
-234823
-176098
-790386
-237665
769758
-697830
372182
791819
-853461
545684
-93653
377622
876095
564425
794500
182344
628214
422335
-448206
403741
-535866
-766830
942431
993518
-115765
-816641
-822608
-256185
-294229
-897285
470058
-818149
54076
978056
771521
366696
-236297
545490
955393
-303802
876278
-362821
-15193
-199779
945871
799523
994516
760351
949173
-89141
-147152
-852489
-821379
376040
507806
-507775
-832027
-241031
-390117
694192
-772809
-244760
-248773
953351
-35326
-929085
426852
544615
509463
150433
597239
-582860
328102
733068
840158
46880
-635179
-440247
966096
-580920
-680215
-179731
-904561
941888
-140496
957400
27477
-422850
373448
630249
503743
-513067
-161908
-426241
-482630
413265
276010
435833
-381750
905425
484823
51740
-564334
380059
922009
-532782
-375557
337531
593693
-569171
-431651
48714
694507
233627
226047
928059
-340286
525129
706627
725017
-30593
-877934
-205100
-856606
-195591
228887
996192
221528
979931
-807469
32253
-787701
-656121
-757527
422623
-118079
-598401
-250310
-666683
242999
-300390
719857
801169
-957136
-3429
-272869
877398
-932053
-571620
-352952
767394
-153764
-912218
365803
-692627
175643
-366610
367442
309067
-334138
-970537
725763
424221
-194227
-892081
-487678
496354
-615606
188458
-92685
937223
-391383
111159
-676192
-676596
632102
630575
-265726
382080
871776
-555870
-600296
677445
-650942
-9862
-146999
-685178
303202
-973321
720391
86094
-124142
597397
-878338
-480823
355696
760938
318177
521041
-35657
139312
-409681
-23614
-792757
-878374
-825118
-973733
785292
-277252
-710902
-306846
443410
-523613
878661
-702332
-697318
-6669
588247
537560
-36448
-153500
135581
548486
791468
627765
-171258
394960
-843970
-12175
-244745
-35217
-888436
-161363
-785260
12385
-681141
234373
-231433
442725
-332383
52488
457031
-209723
-138993
648026
-959303
258736
-567927
-878615
-252272
-492085
-260811
-346159
316096
870594
811927
364003
-419240
-297254
-960186
626397
58213
-401437
13765
-650616
-573872
-703831
121551
822353
832264
-420301
452471
-302026
107792
-609974
-538801
836056
150255
426147
979103
-525832
-53646
-367041
979405
-851954
283571
287580
-722543
-962305
-124082
-322079
-476727
111854
-289406
258432
677239
-523450
459836
-600809
441067
308220
-129853
-537984
-938261
-641676
-599836
-429932
132512
771502
414721
466929
-338903
817214
7898
-836845
837000
107779
586516
-881691
578818
830555
-772351
146771
-611415
739377
-11317
299808
812063
694453
866654
-193546
508252
673413
408288
-810561
-778066
-679674
-55622
-73454
-554491
-183671
879409
-468298
-273840
346285
-893324
226281
299028
196656
392516
-41560
-669847
705866
-755384
739834
-641777
-625374
323906
880609
792456
-815512
-156174
87822
495633
508130
-60551
-823187
835433
265119
950408
-98624
-760007
205098
-415962
541506
-218324
115004
-227526
649548
-901012
955049
-696068
729728
103115
-305917
-962326
56823
90923
324772
-838571
-51434
-891161
136694
-352177
-36729
996617
520951
354112
-367939
-474620
-660999
168329
488433
-125192
-48371
-571411
-341358
597294
231796
-403580
460889
-753761
170885
-608792
60991
-336978
-197728
209577
492557
-444512
-691990
989585
-660483
-141969
377908
-708456
-64295
-25436
-914065
768392
-424465
525599
-322491
-59906
-556536
-697200
-971041
-695200
119993
993382
-736255
962948
877164
108969
147716
-819473
-594990
-96006
-851966
213233
65898
862655
-150826
445189
821256
616530
-37252
553657
-330479
-393228
-333523
-310319
-593614
-853798
677443
-787149