-999986
-999450
-998079
-998074
-997483
-995335
-995317
-995236
-994849
-994631
-994285
-993906
-993563
-993376
-993130
-992203
-991678
-991647
-990314
-990153
-989472
-989377
-989039
-988151
-987514
-987132
-986940
-986508
-986319
-983271
-982436
-981897
-981866
-980673
-979528
-978693
-978670
-978438
-978228
-977931
-977405
-977401
-977279
-976908
-976900
-976770
-975925
-975819
-975771
-975193
-975078
-974896
-974790
-974322
-974060
-974017
-973588
-973329
-973113
-972833
-972763
-972099
-971087
-970550
-970117
-969172
-968854
-968486
-968203
-968129
-968105
-967833
-967523
-967059
-965470
-965458
-965323
-962990
-962944
-962768
-962755
-962753
-961475
-959897
-959600
-958843
-958782
-958334
-958305
-958162
-956888
-956544
-955307
-955186
-954787
-954755
-953715
-953416
-952887
-952670
-952566
-952145
-951420
-951398
-949760
-949650
-949266
-948916
-948465
-948243
-947769
-946784
-946631
-945908
-945721
-944951
-943637
-943621
-943473
-943414
-943023
-942930
-942295
-942227
-941374
-941051
-940026
-939497
-939096
-938664
-938569
-938564
-938315
-937778
-937756
-937676
-937559
-937350
-937319
-937258
-937251
-936966
-935453
-935382
-934451
-934164
-934008
-933719
-933337
-932800
-932746
-930982
-930244
-929974
-929915
-929908
-928751
-927679
-926755
-926327
-925248
-925063
-924475
-924374
-924191
-923734
-923389
-923330
-923061
-921255
-921241
-919886
-919178
-918932
-917883
-917414
-917342
-917212
-916456
-915894
-915417
-914486
-914418
-914361
-913619
-912774
-912616
-912510
-912347
-911815
-910412
-910379
-910373
-910299
-910157
-909685
-909650
-908866
-908502
-908142
-908114
-907653
-907491
-907419
-907403
-906973
-906310
-906041
-905089
-904822
-904725
-903991
-903880
-903763
-903480
-902692
-902282
-902218
-901335
-901151
-901014
-900752
-900641
-900241
-900200
-899198
-898760
-898214
-897940
-897826
-897698
-897682
-897676
-896426
-896376
-896300
-896143
-895914
-895741
-895563
-895288
-895041
-892038
-890457
-890314
-889564
-888516
-887846
-886886
-886681
-886653
-886253
-885476
-884707
-884061
-883980
-883850
-883696
-882991
-882684
-882543
-881711
-881069
-880809
-880584
-880416
-880384
-879980
-879009
-877991
-877880
-877720
-877138
-877120
-875572
-875205
-874394
-874090
-874013
-873988
-873737
-872474
-872467
-872113
-871296
-871238
-870904
-870520
-870381
-869587
-869218
-869152
-868940
-868872
-868825
-867812
-867397
-867049
-866825
-866327
-866317
-865602
-864607
-864473
-863822
-863167
-863057
-862683
-862477
-860470
-860446
-860446
-860405
-859829
-859448
-858978
-857912
-857795
-857778
-857211
-856328
-856215
-856070
-855843
-854985
-854744
-854599
-852709
-852707
-850598
-850478
-850135
-850129
-849029
-848169
-847992
-847926
-847476
-845922
-845883
-844037
-843714
-843531
-843374
-842700
-842488
-841769
-841688
-840566
-839545
-839079
-839033
-838884
-837668
-836582
-836535
-836466
-836352
-836346
-835167
-834685
-834536
-834504
-834074
-833785
-832766
-830597
-830547
-830543
-830218
-829825
-828049
-827412
-827194
-826433
-826110
-826038
-826006
-825922
-824730
-824601
-824210
-824047
-823268
-822744
-821671
-821396
-820066
-819798
-819778
-819372
-818226
-817806
-817613
-816686
-816383
-815404
-814928
-814487
-813390
-813216
-811457
-810700
-810316
-809874
-809163
-808566
-808434
-808319
-807540
-807217
-803566
-803155
-803054
-801675
-800938
-800201
-799844
-799434
-798999
-798627
-798626
-798541
-797698
-797550
-796916
-796593
-796583
-796015
-795992
-795957
-795610
-795604
-794725
-793798
-792594
-792538
-792344
-792012
-791460
-790781
-790239
-790139
-789847
-789779
-789527
-789343
-788909
-788555
-786764
-786287
-786008
-786003
-785804
-785677
-785111
-784972
-784824
-784217
-784133
-784108
-784080
-783460
-782310
-781837
-780816
-780426
-780201
-779709
-779093
-778457
-778436
-778201
-777587
-777479
-777256
-776438
-775543
-775130
-774253
-773990
-773573
-773248
-773095
-773022
-771711
-770552
-766920
-766576
-766388
-766146
-765994
-765938
-765547
-765033
-764354
-763658
-763352
-763343
-762441
-762360
-761619
-760892
-760647
-760280
-760046
-760039
-759858
-758665
-755338
-755191
-755114
-755024
-754212
-753181
-752573
-752480
-751553
-751339
-750522
-750228
-749719
-749604
-749176
-748773
-748694
-747826
-747794
-746856
-746706
-746554
-746486
-746246
-745824
-745709
-745197
-745096
-744856
-743933
-743595
-743555
-743127
-743056
-742717
-742407
-740756
-740625
-739816
-739513
-739223
-738451
-737993
-737900
-737484
-736762
-736754
-736735
-736379
-736329
-735629
-735093
-734833
-734481
-732464
-732349
-732068
-731997
-731989
-731289
-731231
-730896
-729789
-729718
-729686
-729390
-728813
-728204
-728089
-727756
-727351
-726963
-726530
-726450
-726224
-726097
-725816
-725470
-724838
-724775
-723919
-723824
-723801
-723749
-723060
-721720
-721396
-721132
-719970
-719810
-719527
-719189
-717799
-715767
-715601
-715421
-714246
-713364
-713256
-713193
-713119
-712812
-711149
-711072
-710640
-710526
-710073
-709630
-709471
-709369
-709029
-707924
-706465
-706310
-706055
-705530
-705330
-705143
-704975
-704005
-703480
-702934
-701451
-701015
-700359
-700080
-698010
-697957
-697469
-696836
-695739
-695515
-695231
-694699
-694074
-694003
-693602
-693084
-692987
-692788
-692185
-692121
-689089
-688407
-688139
-687039
-686516
-686386
-686317
-686059
-685297
-684671
-683992
-683389
-683298
-682231
-682210
-681604
-681466
-681258
-681204
-680436
-679925
-679874
-679861
-678773
-678069
-677999
-677803
-677501
-677489
-676983
-676665
-676199
-675364
-675327
-675198
-674616
-674467
-673935
-673752
-673503
-673199
-673062
-672585
-672230
-672097
-671217
-670433
-670273
-670167
-669947
-669810
-669602
-668645
-668566
-668303
-667606
-667509
-665660
-665339
-665127
-665097
-664735
-664660
-663974
-663879
-663824
-663739
-663587
-662901
-662535
-662475
-662058
-660345
-660085
-658571
-657916
-657370
-656981
-656832
-656756
-656621
-656504
-656478
-655613
-654998
-653875
-652687
-652143
-651303
-651154
-650786
-650785
-650058
-649076
-647684
-646886
-646829
-646794
-646622
-646423
-644182
-644180
-643629
-643539
-643228
-643113
-642941
-642835
-642449
-640241
-639346
-639242
-637915
-637852
-637283
-637219
-636327
-635890
-635669
-635498
-635489
-635176
-634677
-634619
-634173
-632801
-632468
-632163
-632122
-631984
-630790
-629250
-629046
-627678
-627408
-627064
-626973
-626263
-625682
-622874
-622860
-622487
-622486
-622417
-622247
-622140
-620671
-620295
-620129
-619680
-618886
-618590
-618002
-617969
-617932
-617901
-616396
-616276
-614945
-614818
-614564
-614313
-613819
-612826
-612763
-612562
-612237
-612168
-612026
-611716
-610205
-609599
-609325
-609078
-607770
-606384
-606329
-606129
-605736
-605517
-605033
-604439
-603882
-603608
-603230
-602947
-602750
-602396
-601580
-601293
-600834
-600383
-600266
-600030
-599520
-599191
-599104
-598969
-598608
-598471
-598338
-596199
-596058
-595822
-595820
-595118
-594741
-594087
-593805
-592707
-592652
-591940
-591600
-590958
-590500
-590104
-588959
-588379
-587997
-587767
-587593
-587518
-586834
-586726
-585843
-585167
-585105
-584534
-584187
-583129
-582711
-582676
-581718
-581328
-581181
-580383
-579891
-579686
-579430
-578202
-576618
-576479
-576396
-575519
-575208
-573699
-573187
-571499
-571415
-571344
-570080
-569986
-569767
-567117
-567014
-566956
-566857
-566728
-566247
-566007
-565974
-565199
-565070
-564526
-564253
-563907
-563429
-563398
-563394
-563364
-563305
-563221
-562513
-561113
-560904
-558646
-558047
-557546
-557511
-555487
-554570
-553339
-552755
-551951
-551442
-550785
-550599
-550250
-549492
-549327
-549147
-548478
-547984
-547233
-546316
-546183
-546178
-545898
-545594
-545566
-544355
-543664
-543279
-543252
-543002
-542654
-542512
-542452
-542111
-542097
-540663
-540633
-540612
-540057
-539967
-539763
-539698
-539191
-539029
-538707
-538567
-537996
-537857
-537147
-536726
-533869
-532994
-532683
-532273
-532056
-531694
-531686
-531490
-531305
-530976
-530838
-530549
-530410
-529822
-528759
-527968
-527816
-526774
-526110
-524795
-524613
-524574
-523262
-522935
-521594
-521064
-520763
-520682
-520550
-520363
-519673
-519558
-519366
-518185
-518005
-517104
-516419
-516359
-516283
-516240
-516202
-516011
-514724
-514719
-514037
-513747
-513312
-511977
-511964
-511947
-511903
-511355
-511318
-510973
-510919
-509796
-509592
-507642
-506993
-506744
-506106
-506015
-505586
-505552
-504678
-504634
-504203
-504078
-503262
-502929
-501486
-499756
-499707
-499686
-499064
-498033
-497792
-497051
-496626
-496130
-496110
-495392
-494983
-494749
-494197
-493934
-492935
-492170
-490709
-490703
-489760
-488787
-488765
-487990
-487745
-486598
-485985
-485525
-485401
-485037
-484029
-483959
-483445
-483261
-483240
-482763
-482097
-482084
-481873
-481612
-481034
-480383
-479738
-479440
-479111
-479033
-479016
-478760
-478619
-478151
-478000
-477036
-476987
-476078
-475653
-475623
-475327
-475201
-474779
-473864
-473814
-473679
-473634
-473331
-473084
-472978
-472119
-472117
-472066
-471933
-471691
-471044
-471006
-470980
-470503
-469799
-469555
-469409
-467602
-466785
-466407
-466193
-465913
-465720
-465225
-465193
-464683
-463147
-462414
-462395
-462373
-461946
-461676
-461160
-460918
-458811
-458387
-457653
-457574
-457508
-457109
-456968
-456533
-455820
-455464
-454698
-453986
-452945
-452160
-450661
-449255
-449055
-449007
-447858
-447589
-446846
-445314
-444502
-444462
-444404
-442823
-442597
-442204
-442180
-441846
-441599
-441495
-439420
-439024
-438169
-437153
-437124
-436696
-436281
-435975
-435760
-435065
-434905
-434395
-434284
-433760
-433656
-432168
-431516
-431033
-430873
-430535
-430356
-430193
-430191
-429904
-429488
-428987
-428669
-427360
-427309
-426412
-426371
-424966
-424869
-423362
-422123
-421400
-421356
-421348
-420957
-420874
-419722
-419709
-419278
-419127
-418381
-418071
-417773
-417249
-417196
-417134
-416943
-416434
-415811
-415585
-414915
-414251
-413857
-413451
-412938
-412148
-410937
-410550
-409823
-409498
-409439
-409322
-407949
-407254
-406774
-406742
-406728
-406023
-405952
-405619
-404426
-403413
-402861
-402395
-402077
-401846
-400720
-400326
-399620
-399507
-399124
-397930
-396995
-396080
-395275
-395040
-394972
-394913
-394239
-393952
-393757
-392170
-392094
-391892
-390645
-390476
-389917
-389871
-389858
-389674
-389524
-389323
-389101
-389052
-388299
-388250
-388213
-387674
-386140
-385719
-385045
-384539
-384019
-383788
-382878
-381910
-380143
-379482
-379245
-379178
-378868
-378575
-377837
-377017
-376068
-374707
-373994
-373826
-373724
-373127
-372621
-371790
-371064
-370651
-369642
-369453
-368843
-368389
-368260
-368256
-367623
-367234
-365841
-365505
-365488
-364758
-364658
-364292
-364002
-363924
-363878
-363103
-363084
-362573
-362505
-361833
-361666
-361638
-361444
-361408
-361302
-360498
-360314
-359721
-359540
-358810
-358333
-357856
-356584
-356249
-356192
-355803
-355725
-355178
-355127
-355101
-354243
-354238
-353974
-353660
-353427
-353351
-353014
-352850
-352687
-352628
-352054
-351414
-351338
-349874
-349321
-349033
-348968
-348406
-348276
-347921
-347865
-347461
-346756
-346334
-345500
-345194
-345122
-341925
-341777
-341697
-340610
-340595
-339683
-337801
-337120
-336790
-336703
-336109
-336036
-335655
-335562
-335006
-334988
-334954
-333609
-333177
-331898
-331286
-331174
-331158
-331099
-330305
-330145
-330039
-329358
-329152
-328808
-328634
-327162
-326918
-326534
-326264
-325726
-325667
-325598
-325282
-324773
-324402
-324079
-322708
-322058
-321879
-320508
-320335
-320024
-319008
-317478
-316936
-316711
-316500
-314881
-314669
-314484
-314089
-314070
-312576
-312055
-311978
-311855
-310497
-310308
-310277
-309888
-309300
-309164
-308912
-308830
-308430
-307544
-307280
-307091
-306951
-306514
-306353
-306204
-306107
-305627
-304158
-304133
-303172
-301718
-301580
-300753
-300389
-299888
-299540
-298506
-298350
-298140
-297251
-296977
-296816
-296798
-295568
-295520
-295327
-295019
-294122
-293958
-293666
-293489
-292157
-291790
-291651
-291497
-291398
-291190
-290161
-289878
-289747
-289546
-289329
-289099
-288682
-288006
-287508
-286935
-286789
-286784
-286343
-286164
-284580
-284181
-283964
-283632
-283238
-283057
-282494
-282193
-281719
-281683
-280434
-279842
-279820
-279067
-278692
-278663
-278514
-278476
-278124
-277216
-277130
-276557
-276059
-275660
-275420
-274695
-274352
-274227
-273545
-273534
-273201
-273075
-272769
-272078
-271912
-271898
-271501
-270745
-269541
-269271
-268773
-268750
-268600
-266337
-266168
-265940
-264554
-264307
-264103
-263919
-263907
-263322
-262545
-262399
-261741
-261605
-261534
-261353
-261115
-260579
-260519
-260385
-259355
-258992
-258822
-258786
-258639
-257823
-257495
-257018
-256738
-256442
-256042
-255909
-255717
-255256
-255166
-254873
-254782
-254687
-254298
-253600
-253283
-253080
-251273
-250853
-250397
-250159
-249888
-249682
-249472
-249093
-249014
-247668
-247057
-244805
-244454
-243890
-243546
-241473
-241296
-241237
-240540
-239802
-239767
-238571
-238364
-238306
-238145
-237662
-237217
-236894
-236255
-236232
-235545
-235539
-235535
-235391
-234233
-233674
-233014
-232289
-232003
-231986
-231531
-230158
-229761
-229092
-228000
-227994
-227823
-227532
-227155
-226382
-225884
-224166
-224141
-223519
-223269
-223183
-222719
-222499
-222305
-221149
-220578
-219477
-219137
-218851
-218760
-218689
-218604
-218492
-217831
-217782
-217388
-215217
-215131
-214395
-214313
-213918
-213861
-213516
-213291
-212767
-212080
-211927
-210960
-210389
-210174
-210120
-209868
-208375
-206153
-205559
-203874
-203188
-202914
-202825
-201451
-201364
-201118
-201042
-200840
-200840
-200327
-200248
-199106
-199026
-198601
-198245
-197398
-197289
-196872
-196760
-196745
-196580
-194521
-194140
-194080
-193854
-193221
-192614
-192533
-192372
-191305
-190374
-190055
-189499
-188696
-188261
-188147
-188133
-184494
-184355
-184016
-183769
-181600
-181271
-181252
-180363
-180267
-180181
-179668
-178259
-178214
-178062
-177917
-177206
-176002
-175506
-175494
-175252
-174781
-174532
-174006
-173401
-173256
-172992
-172725
-171564
-171385
-170368
-170033
-168777
-168619
-168234
-167854
-167558
-167139
-166299
-166137
-164829
-164664
-164360
-163087
-162442
-161763
-161131
-161060
-160902
-160589
-160216
-160086
-159786
-159679
-159630
-159520
-159493
-159466
-159296
-158632
-158555
-158025
-155888
-155708
-154155
-154045
-153400
-153235
-152921
-152422
-150745
-150097
-149349
-149231
-148483
-148352
-148118
-147383
-146829
-146741
-146392
-146360
-145759
-145061
-144059
-143728
-143212
-142746
-140898
-140809
-140631
-140487
-140457
-140407
-139441
-139180
-138672
-138099
-138027
-136347
-136290
-135567
-135040
-134855
-134210
-134008
-133165
-132556
-130846
-130151
-129837
-129170
-128160
-127733
-127662
-127256
-126190
-126173
-125784
-125413
-124915
-123873
-122679
-122534
-122003
-121919
-121510
-121319
-121118
-120755
-120155
-120107
-119908
-119659
-118069
-117487
-117360
-116822
-116097
-116069
-114828
-114798
-113262
-111552
-111467
-111272
-110973
-110938
-110529
-110496
-110267
-110188
-110163
-109795
-109038
-108216
-106417
-106380
-106079
-106078
-105222
-105093
-105040
-104415
-103626
-103610
-102693
-102380
-102000
-101266
-101064
-100231
-99501
-99326
-98009
-97766
-97350
-95830
-95715
-95260
-95055
-94963
-91482
-91373
-90696
-90660
-89449
-88592
-87176
-86916
-86899
-86768
-86610
-84810
-84784
-83789
-82978
-82552
-82524
-82362
-82097
-81879
-81695
-81638
-81260
-80936
-80643
-80449
-79870
-78623
-78511
-78057
-77859
-77275
-76910
-76860
-76628
-76405
-75868
-75559
-74652
-74492
-73641
-73394
-72664
-71870
-71691
-71522
-70181
-69738
-69721
-69654
-69102
-69008
-68670
-67997
-67675
-67387
-66768
-66485
-66268
-64568
-63935
-63566
-62708
-62506
-62499
-61975
-61927
-59987
-59805
-58454
-58004
-57904
-57530
-57248
-57095
-56937
-56762
-56684
-56566
-56249
-55791
-54219
-53886
-52527
-51505
-51356
-51023
-50581
-50203
-47606
-47532
-46872
-44107
-43690
-43383
-43110
-42812
-42188
-40932
-40819
-40161
-39818
-39276
-39250
-38891
-37149
-36710
-35717
-34211
-31592
-31436
-31396
-31236
-30599
-30514
-30096
-29396
-29174
-28765
-28671
-28407
-28033
-27236
-27143
-26629
-26232
-25403
-23664
-23435
-23401
-23060
-22970
-22842
-22475
-22215
-21987
-21511
-21491
-21486
-20807
-20755
-20445
-19829
-19797
-17070
-17019
-16230
-16026
-15924
-15682
-14608
-14178
-13859
-12480
-12164
-11865
-11558
-10586
-9744
-8677
-8145
-8057
-7857
-7692
-7009
-6872
-6681
-6146
-6144
-6059
-5904
-5803
-5169
-5021
-4967
-4047
-3636
-3615
-3102
-2185
-1793
-1277
-1011
-667
-626
-60
369
580
853
1533
1649
1826
3217
3494
3527
3544
3551
3896
3985
4424
4506
4909
5134
5458
7607
9707
10591
11962
12686
12827
12888
14950
15475
16066
16566
16624
17641
18630
18860
19079
19554
19885
20061
21313
21536
21584
21646
21671
21695
21935
22050
22539
23360
23463
24135
24358
24366
25533
27092
27999
28278
29093
29495
29789
30654
30869
31931
32043
32052
33219
33320
33998
34072
34255
34275
35433
36618
36873
37410
38089
38788
39510
40121
40243
42227
42976
43032
44087
44227
44357
44450
44564
44626
46507
46863
48118
48655
48964
49274
49778
49928
51316
52032
52493
52677
53699
53876
54464
54718
55148
56325
56696
56878
56981
57082
57223
57243
58275
58499
58895
59209
59304
59518
59998
60044
60055
60120
60320
60594
60664
60691
61861
62024
62074
62463
63152
63179
64126
64290
64990
65050
65060
66316
66575
66949
67327
67380
67554
67658
68028
68687
68738
69103
69197
69299
69331
69362
71450
72356
72394
72440
72727
73496
74359
74767
75561
75759
75804
76934
76976
77470
78580
78583
78757
79404
79431
79587
80291
80983
81820
82194
82726
83004
84028
84080
84175
84881
84910
85338
85910
86167
86235
87463
87677
88046
88139
89031
90896
92060
93121
94970
95589
96107
96846
97058
97871
98737
99006
99036
99274
99652
100140
100985
101153
101282
102143
102843
103458
103590
105046
105343
105570
106192
106647
106866
107502
108609
109333
110219
110369
110383
111214
112392
112573
112668
112782
113181
113445
113451
113473
113555
113735
114069
115126
115409
116000
116456
118167
118309
119285
119827
121397
121491
121617
121748
121956
122048
122269
122329
122468
122769
123617
123856
124507
124759
125229
125619
125987
126372
126517
126565
127064
127719
127742
127858
128968
129074
130166
130195
130389
130416
130479
130627
132292
132677
132699
132972
133519
133662
133986
134020
134311
134350
134818
136289
136975
137873
138129
139014
141097
141178
141657
142001
142321
142836
143144
144054
144324
146204
146486
146848
147137
149092
149250
149328
149535
150903
151341
151473
151728
152658
152932
153073
153818
153877
154071
154161
154411
154894
155213
155366
155572
155702
155792
156162
156603
157115
157140
157193
157430
157885
158675
161070
161538
161899
162990
163050
163391
164520
164682
164790
164859
165472
165866
166212
166318
166447
167815
167876
168004
168200
168323
168525
169583
170403
170404
171063
171225
171340
171504
171702
171954
172071
172325
172498
173045
173256
173529
174476
176169
177214
178273
179207
179551
181892
182200
182977
183281
183634
183650
183872
184164
184665
185272
186325
187226
187394
187556
188146
188985
190135
190276
190435
190503
190815
191045
191407
191777
191859
192255
192555
192615
192954
192986
193289
193781
194113
194274
194299
194524
194922
195303
195320
195395
196516
196971
197456
198160
199890
200036
202114
202323
202387
202515
203868
204508
205584
205948
206208
206861
207026
207819
208689
208942
209036
209348
209694
210205
210589
211823
213722
214529
215541
216696
216923
217254
218692
219166
219176
219561
220286
221941
221946
223349
223705
224454
224564
226019
228036
228377
229205
230749
231889
232037
232466
232772
234412
234466
235588
235970
236223
236235
237528
237915
238022
238695
239032
240209
240283
240882
241305
242891
243980
244081
244123
244539
244617
244790
245329
245454
245597
245798
245906
246133
246494
246841
247344
248330
248619
248687
249236
249247
250214
250271
250622
250700
251088
251213
252926
253323
253509
254377
254662
255134
255237
255476
255959
256648
257385
257456
257697
258006
258228
258494
258656
258780
258798
259835
260780
262125
262658
262905
263253
263283
263912
264077
265104
265180
265256
266259
266451
266940
267047
267960
268200
270070
270134
270617
270964
271774
274107
274193
275038
275570
276608
277137
277174
277983
278179
278548
279119
279211
279694
279810
280235
280833
281090
282592
282873
283428
283633
283641
284305
284345
284394
284660
284830
286025
286083
286151
286169
286416
286557
286951
287949
288326
289776
289821
289904
290960
291050
291239
291299
291995
292119
292342
293371
293723
294266
294565
294587
295776
296314
296617
296711
296786
296922
297010
297328
298392
298823
299176
300014
300378
300568
300711
301653
301798
301804
302086
302280
302668
302718
304529
304750
304960
305086
305536
306606
307484
307709
308316
309127
309307
310681
311249
311752
312338
312818
313568
314559
314653
314728
314753
315043
315272
315804
316466
316629
317504
317519
317877
319170
319271
319851
320872
322204
322516
322984
323075
323602
323741
324455
324539
324697
325585
325697
325819
326576
327608
329092
329440
330060
330360
330829
330845
331258
331439
332166
332529
333082
333372
333701
333953
334043
334142
334789
334876
335502
335934
336658
337378
338112
338114
338484
339282
340892
341239
341794
342838
344624
344965
345064
345720
345867
346134
346362
346481
346535
346786
346789
348159
348977
349149
349216
349374
349651
350021
350890
351280
351620
352681
352857
353398
353966
354104
355287
355341
355365
356155
356787
357493
358033
358163
358444
358733
359146
359904
360524
360859
360976
361531
362907
363351
363386
363410
363650
364070
364286
364468
364918
365931
366551
366914
367468
367523
367916
369119
369124
369479
369826
369958
370168
371576
371653
371903
372698
372874
373300
373374
373715
373789
374069
374155
374751
375319
375987
376709
376755
378067
378069
378276
379108
379849
380065
380068
380130
380424
380793
381228
382016
382523
382614
383489
383542
384117
385118
386488
387476
387529
388472
389543
390232
392162
393310
393516
393766
394034
394368
394899
395486
395731
397341
397460
397488
397492
398671
398901
399775
404471
404754
405190
405386
406360
407056
407111
407319
408239
409378
409611
409993
410443
410679
410698
411434
411636
411751
412305
412697
413349
413613
413699
414062
414168
414394
414546
415594
415928
417297
417982
418421
419768
420348
421128
421359
421442
421503
421831
421842
422475
422775
423369
423542
424748
424894
424991
426006
426276
426321
426552
426774
426776
426786
427064
427902
428264
428585
428803
429772
430588
431247
431321
433315
433342
433550
434306
434815
435054
435250
436113
436595
437788
437819
437953
438109
438590
438831
439043
439404
439670
439964
441361
441378
441796
441927
442115
442361
442470
442948
445197
447560
447622
449989
450285
450736
450975
451139
451347
451456
452472
453304
454065
454274
455314
455446
455704
455728
455742
455766
456187
456670
456912
457090
457172
457290
457377
457662
458382
459123
459130
459609
459746
459880
460649
460900
461646
462301
462982
465862
466800
467354
468737
468938
470651
470942
471048
471454
471548
471804
472975
473341
474337
474776
476625
477880
478115
478476
479613
479864
480113
480947
480966
482060
482165
482692
483507
483838
484202
484676
485174
485206
485537
486142
486484
486507
487897
488201
489202
489414
489500
489916
489996
490672
490785
491626
491643
491648
491818
491974
492078
492211
492394
492578
493225
493432
493840
494190
494766
495702
497229
497230
497785
498035
498237
498462
498972
499608
499826
500204
500635
500963
500969
501195
501374
501592
501658
502012
502427
502635
502883
503014
504203
504656
504976
505572
506076
506245
506934
507169
507212
507264
507879
508421
508499
508663
509041
509494
509721
510302
510527
510551
511001
511253
511565
512050
512983
513004
513316
513365
515989
516116
516946
517527
517822
518350
518480
518822
519312
519319
519607
519824
521416
522281
522640
523171
523264
523454
524052
524516
526308
526398
526970
527125
527368
527779
527843
528083
528737
529216
529543
530979
531300
531774
531787
531890
532191
533455
534600
534802
535592
535872
537082
537121
537466
538313
538513
540049
541749
543172
543317
543517
543766
544028
544463
544629
545319
546004
546384
546390
546768
547295
547719
547811
548369
548766
549077
550330
550786
551316
551326
552095
552122
552131
552175
552269
552926
553066
553574
554234
554441
554529
554545
554713
555624
557101
557104
557298
557925
559082
559130
559285
559656
560089
560218
560321
560967
561463
562716
562759
563370
563672
563798
564045
564890
565628
565644
566219
566306
566978
570084
570461
571743
572559
572819
573056
573276
574615
574676
575097
576112
576453
576645
577046
577327
577656
577819
579817
581765
582110
582458
583032
583198
583713
584395
585009
585240
585344
585455
585524
585708
586214
586296
587528
587660
588731
589330
589751
589849
589975
590657
590878
591497
591938
592823
592852
593418
594230
594448
594463
594658
595520
596176
596186
597645
598414
599027
599554
600000
600235
600494
602523
603047
603197
603271
604017
604618
605462
606901
607320
608109
608775
610020
611637
611800
611987
612597
612753
613033
613349
613624
613792
613879
615402
615531
615607
616317
617832
618013
618382
618442
619137
619139
619400
620131
620660
621406
621517
621910
622596
622827
623941
624189
625180
625718
625883
626211
626623
627351
627518
627738
627896
628049
628244
628297
628445
629187
629901
631739
632207
632331
632356
633079
633289
635885
635951
636959
637259
637469
637531
637627
638259
639997
640065
640139
640295
640872
641162
641658
642934
643773
643892
644054
644958
644972
645048
646548
647411
647487
647885
648028
648355
648764
649994
650761
652172
653410
653698
653705
655043
655151
655380
655692
655937
656087
656225
656683
656684
656770
656776
657163
657716
659416
659826
659883
660346
660630
660946
661047
661207
663545
663968
664399
664562
665018
665415
665442
666071
666639
667674
667940
668300
668470
668856
669054
669650
670366
671888
672245
672417
672909
673181
673515
673945
674153
675262
675702
675774
675929
676306
676590
677563
677900
678108
678201
679662
680152
680703
684007
685498
685815
686095
686678
687607
687955
688299
688832
689936
690184
690259
690515
690669
691539
691676
692392
692451
692992
693583
694250
694291
696060
696843
696869
697031
697151
698573
698675
699067
699237
700342
701175
702235
702248
702450
702974
703777
704434
704901
705044
705231
705583
706102
707421
707674
707675
707830
708042
708356
708409
709236
709401
709512
709751
711410
711888
712063
712628
712731
712756
713609
714056
714877
714885
716061
717194
717365
717918
718632
718857
718926
719144
719370
720143
720319
720432
720832
722805
722847
723667
725414
725455
727741
728109
730460
731030
731409
731453
731665
731807
732131
733023
733139
733700
733971
735297
735888
735981
736802
736822
736977
737161
737230
738043
738264
738569
739361
740291
740352
740905
741908
742239
742489
743832
744969
745090
745109
747372
748262
749742
750233
751815
752506
752536
752804
753623
753879
753971
754311
754743
756289
756774
756779
757481
757765
758153
758457
758719
758996
759006
759698
759789
760006
760031
761301
765089
765336
766293
767052
767058
767103
767192
767682
767779
768027
768053
768481
770947
771058
771354
772202
772337
773142
773416
773668
773699
774166
774514
774967
776222
776236
776305
777033
777651
778506
779291
779556
779619
780160
782192
783327
783500
783570
784099
784435
784454
784783
784910
785247
787388
787479
787747
787900
788181
788649
789145
789586
789878
790478
790530
790542
790845
791333
793001
793483
795688
796035
797092
798807
798834
798859
798994
799173
799454
799551
800199
800399
800475
800604
800802
801970
802314
803774
804456
804899
805367
805472
805692
806001
807021
808584
808682
809216
809326
809607
812880
812912
812941
813220
813225
813373
814192
814325
814798
815302
816626
816865
817017
817054
818080
818121
818761
818787
819167
820442
820511
821893
822584
823169
823179
823186
824334
824339
825811
826680
827427
829426
829459
829490
830400
830529
830930
831715
831848
832390
832684
833123
833800
833978
834657
835102
835806
836279
836920
837228
837241
837563
838013
838376
838911
838945
839832
840004
840127
840626
841223
841433
842013
842124
842385
842810
842833
843628
843903
844480
844791
846120
846199
846365
846553
846839
847209
847338
847723
847805
848866
849043
849287
849290
849346
849497
849686
849733
850126
850707
850748
851487
851684
851769
852568
852586
853541
854359
854940
855278
856023
856235
856335
857277
857792
858008
858134
858716
859223
859542
860514
860925
861028
861229
861743
861754
863691
864167
864637
864649
864814
864945
866149
866568
866726
866758
866854
867218
868794
869125
869331
870204
871464
872052
872133
872771
873279
873528
873883
874083
874526
876004
877046
877347
877624
878006
878200
878355
880120
881320
881361
881471
881792
881991
882186
882659
883577
883635
883638
883694
884901
887484
888017
888223
888614
890093
891194
891217
891525
891962
892131
892313
893379
894291
894302
894496
895761
896301
896317
896949
897079
897174
897277
897416
898525
898631
898718
898822
899499
899586
899787
900862
901175
902672
903158
904120
904279
904771
905063
905535
906207
906361
906608
906768
906963
908416
908435
908573
909057
910117
910352
910384
911133
911378
912438
912892
913116
914482
915032
915177
915515
915520
916117
917110
917153
917412
917724
918122
918305
919020
919167
919473
919491
919816
920341
920613
920782
920883
921013
921134
921172
921250
921348
921386
922763
922883
922905
923590
924135
924264
924375
924540
925765
925907
926155
926324
926838
927439
927683
929100
929928
930584
930813
930829
930964
931297
931595
931607
931798
931874
932569
934531
935248
935440
935970
936028
936740
937207
937459
937679
937742
937955
940082
940854
940917
941471
941516
942753
942902
943061
943483
945856
946559
947604
947681
947875
948478
949080
949767
950194
951916
952160
953672
953835
954515
954522
954537
955115
955317
955737
956343
956417
956658
958306
958492
958675
959267
959876
959919
960239
960685
961174
961669
962668
962800
964332
964943
965366
965564
965850
966696
967857
967903
969785
970008
971078
971266
971660
971995
972090
972105
972279
972299
972362
972755
972800
972813
972861
973883
974089
974299
974326
974936
975585
976070
976075
976493
976564
977431
978108
978658
979001
979240
980170
981084
981348
981566
982317
982382
982826
984090
984437
985254
985746
985900
986395
986720
987459
988483
988645
989185
989306
990126
990458
990529
991527
991833
991976
992038
993033
993974
993975
994991
996192
997627
998057
998126
998325
999021
999462
999480
-996390
-993416
-991354
-986584
-986406
-978808
-976286
-975118
-973733
-973321
-971041
-970694
-970537
-966005
-962326
-962305
-961335
-960186
-959303
-957136
-956735
-955295
-954143
-953880
-945935
-944075
-938261
-936099
-932053
-931491
-931317
-929085
-924425
-923831
-915561
-914065
-912557
-912218
-911809
-904561
-903923
-901012
-899430
-898564
-897285
-894668
-893324
-893119
-892081
-891161
-888436
-886203
-884791
-882189
-881691
-878615
-878374
-878338
-877934
-873734
-863385
-856606
-853798
-853461
-852489
-851966
-851954
-846477
-843970
-843473
-839701
-838571
-836845
-835584
-833994
-833014
-832027
-831242
-829778
-829603
-827477
-825118
-823187
-822771
-822608
-821379
-820604
-819473
-818149
-816641
-816453
-816029
-815867
-815512
-810718
-810561
-807469
-802562
-801650
-798375
-792757
-790386
-787701
-787149
-787073
-785260
-778066
-773995
-772864
-772809
-772351
-766830
-762544
-761092
-760007
-759502
-757527
-756487
-755384
-753761
-746091
-745713
-738533
-736941
-736864
-736255
-734987
-726876
-724197
-723750
-722543
-718275
-711575
-710902
-708456
-703831
-702332
-700290
-697830
-697633
-697318
-697200
-696068
-695200
-692627
-691990
-685178
-685177
-684754
-681141
-680215
-679674
-676947
-676596
-676192
-672617
-671188
-669847
-669024
-666683
-660999
-660945
-660483
-659524
-656121
-655708
-650942
-650616
-648385
-647676
-645274
-642665
-642351
-641777
-641676
-636887
-635179
-633565
-629116
-629068
-626762
-625374
-625200
-621576
-615606
-614828
-613638
-612789
-612304
-611415
-609974
-608792
-604598
-604308
-601392
-600809
-600296
-599836
-598401
-598276
-597471
-596391
-594990
-593614
-593501
-590168
-587626
-582860
-580920
-580548
-580141
-579878
-579386
-574756
-573872
-571620
-571411
-569171
-567927
-567500
-564334
-559152
-557306
-556536
-555870
-554818
-554491
-550590
-548783
-548426
-546888
-546770
-539478
-538801
-537984
-535866
-535769
-532782
-532615
-530159
-528928
-528654
-525832
-523613
-523450
-522229
-521544
-513067
-511864
-511684
-509526
-507775
-505138
-499560
-499269
-498823
-497003
-492085
-489989
-488674
-487678
-487158
-482630
-480823
-479234
-476727
-474620
-471012
-468298
-465934
-464925
-464121
-462242
-461770
-458902
-448206
-444512
-443550
-440247
-436015
-433281
-431651
-429932
-426241
-424465
-422850
-421853
-420301
-419240
-418363
-416845
-416209
-415962
-415720
-409681
-403580
-402699
-402687
-401437
-398026
-393228
-391383
-390117
-382066
-381750
-375557
-375014
-370037
-369973
-369385
-367939
-367373
-367041
-366610
-364941
-362821
-352952
-352177
-351175
-349462
-346159
-341358
-340286
-338903
-336978
-335654
-334138
-333940
-333523
-332383
-330479
-322491
-322079
-321063
-315576
-315170
-310319
-306846
-305917
-303802
-302026
-300390
-297254
-295452
-294229
-291130
-289406
-286069
-285284
-285226
-280183
-277252
-273840
-272869
-268163
-265726
-260811
-260602
-256185
-252272
-250310
-248773
-244760
-244745
-244180
-241031
-238902
-237665
-236297
-235618
-234823
-231433
-227526
-225590
-221578
-218324
-214909
-209723
-209568
-209533
-205100
-204181
-202014
-201171
-199779
-197728
-196135
-195655
-195591
-194227
-193546
-188614
-187600
-183671
-179731
-176857
-176098
-171258
-164497
-164092
-161908
-161446
-161363
-156174
-153764
-153500
-150826
-147152
-146999
-141969
-140496
-139903
-138993
-129989
-129853
-125192
-124142
-124082
-121703
-118570
-118079
-115765
-100053
-99650
-98624
-96006
-93653
-92685
-90087
-89141
-83025
-73454
-72306
-67441
-64521
-64295
-62601
-61870
-60624
-60551
-59906
-55622
-53646
-53132
-51950
-51760
-51434
-48371
-46541
-42200
-41880
-41560
-37252
-36729
-36448
-35657
-35326
-35217
-30593
-25436
-23614
-18649
-15977
-15193
-15087
-12175
-11975
-11317
-9862
-9403
-6669
-3429
-2808
2092
7898
10204
12385
13765
16058
18218
22787
25082
26882
27477
28950
29313
32198
32253
40422
46880
48714
49924
51033
51740
52488
54076
55137
55620
56823
58213
60674
60991
65898
71055
78976
85611
85644
86094
87822
89112
90923
92278
97387
103115
107779
107792
108969
109424
111159
111803
111854
112564
115004
119993
121551
121663
128347
131153
132512
133409
135581
136694
139239
139312
139669
140944
143709
146771
147716
150255
150433
152536
152651
168329
170885
173347
175643
179399
182344
185410
185617
185938
188458
190157
193307
194375
196656
198596
205098
209577
213233
214391
216085
221528
226047
226281
228096
228887
231796
233325
233627
234373
238166
238556
242104
242999
251561
258432
258736
261305
262408
265119
266228
271189
271524
276010
277185
283571
287463
287580
288651
291842
293714
294640
294849
297286
299028
299808
301074
303202
308220
309067
311816
316096
317990
318177
319580
323906
324772
327049
328102
337531
338426
346285
346903
349697
354112
355696
358651
362868
364003
365803
366127
366696
367442
369460
372182
373448
376040
377622
377908
378331
380059
380544
382080
385704
392516
394960
398760
399800
401040
403741
405663
406223
408288
413265
414721
422335
422623
424221
424987
425109
426147
426852
431018
433197
433252
435527
435833
437084
441067
441169
442237
442725
443410
445189
452471
456459
457031
459836
460625
460889
465209
466929
470058
476858
484534
484823
485004
486517
488433
492557
495633
496354
497678
503743
505371
507806
508130
508252
509463
509580
509965
510402
511136
513009
513169
514802
517203
520951
520953
521041
525129
525599
531933
532807
534749
536436
537560
541506
544615
545490
545684
548486
553657
554179
558101
559548
564106
564425
571338
575652
575807
578818
584081
586516
588247
593693
597239
597294
597397
600242
605490
616530
617780
619258
620197
626397
627765
628214
629401
630249
630575
631521
632102
633012
633653
648026
649548
650658
652059
673413
676961
677239
677443
677445
679671
686221
694192
694453
694507
697832
699720
705866
706627
714433
719857
720391
721505
725017
725763
729728
733068
734314
734778
737412
738512
739377
739834
744128
745847
747330
751647
760351
760938
761784
763007
767394
768392
769559
769758
770022
770455
770501
771502
771521
781408
784645
785292
788955
791468
791819
792456
794500
799523
801169
811927
812063
813924
814727
815307
815733
817214
817296
818298
819546
821256
822353
824431
830555
832264
833112
833430
835433
836056
837000
840158
846619
849284
862655
862732
862944
866654
867391
870594
871776
876095
876278
877164
877398
878661
879409
880609
880957
900614
900891
903928
905140
905425
909447
911867
914502
922009
924765
928059
929922
930492
932044
932197
932734
937223
941888
942431
945871
947743
949173
950408
952842
953220
953351
955049
955393
957321
957400
960416
962948
966096
978056
979103
979405
979931
981025
989585
992384
993382
993518
994516
996192
996617
